1578602918,s5,0.00,0.00,0.00,0,0,0.00,0.00,0.00,0,0,0.00,0.00,0,0
1578602918,s1,0.00,0.00,0.00,0,0,0.00,0.00,0.00,0,0,0.00,0.00,0,0
1578602918,eth0,0.00,0.00,0.00,0,0,0.00,0.00,0.00,0,0,0.00,0.00,0,0
1578602918,eth1,0.00,0.00,0.00,0,0,0.00,0.00,0.00,0,0,0.00,0.00,0,0
1578602918,s2,0.00,0.00,0.00,0,0,0.00,0.00,0.00,0,0,0.00,0.00,0,0
1578602918,s1-eth2,0.00,0.00,0.00,0,0,0.00,0.00,0.00,0,0,0.00,0.00,0,0
1578602918,s1-eth1,0.00,0.00,0.00,0,0,0.00,0.00,0.00,0,0,0.00,0.00,0,0
1578602918,s3,0.00,0.00,0.00,0,0,0.00,0.00,0.00,0,0,0.00,0.00,0,0
1578602918,s2-eth2,0.00,0.00,0.00,0,0,0.00,0.00,0.00,0,0,0.00,0.00,0,0
1578602918,s2-eth1,0.00,0.00,0.00,0,0,0.00,0.00,0.00,0,0,0.00,0.00,0,0
1578602918,lo,0.00,0.00,0.00,0,0,0.00,0.00,0.00,0,0,0.00,0.00,0,0
1578602918,s4,0.00,0.00,0.00,0,0,0.00,0.00,0.00,0,0,0.00,0.00,0,0
1578602918,s3-eth2,0.00,0.00,0.00,0,0,0.00,0.00,0.00,0,0,0.00,0.00,0,0
1578602918,s3-eth1,0.00,0.00,0.00,0,0,0.00,0.00,0.00,0,0,0.00,0.00,0,0
1578602918,total,0.00,0.00,0.00,0,0,0.00,0.00,0.00,0,0,0.00,0.00,0,0
1578602919,s5,0.00,0.00,0.00,0,0,0.00,0.00,0.00,0,0,0.00,0.00,0,0
1578602919,s1,0.00,963.00,963.00,963,0,0.00,4.00,4.00,4,0,0.00,0.00,0,0
1578602919,eth0,212.00,273.00,485.00,273,212,3.00,3.00,6.00,3,3,0.00,0.00,0,0
1578602919,eth1,0.00,0.00,0.00,0,0,0.00,0.00,0.00,0,0,0.00,0.00,0,0
1578602919,s2,0.00,963.00,963.00,963,0,0.00,4.00,4.00,4,0,0.00,0.00,0,0
1578602919,s1-eth2,93569.00,3854093.00,3947662.00,3854093,93569,1264.00,2549.00,3813.00,2549,1264,0.00,0.00,0,0
1578602919,s1-eth1,3842308.00,93610.00,3935918.00,93610,3842308,2542.00,1265.00,3807.00,1265,2542,0.00,0.00,0,0
1578602919,s3,0.00,963.00,963.00,963,0,0.00,4.00,4.00,4,0,0.00,0.00,0,0
1578602919,s2-eth2,93833.00,3857014.00,3950847.00,3857014,93833,1259.00,2550.00,3809.00,2550,1259,0.00,0.00,0,0
1578602919,s2-eth1,3854093.00,93569.00,3947662.00,93569,3854093,2549.00,1264.00,3813.00,1264,2549,0.00,0.00,0,0
1578602919,lo,4129.00,4129.00,8258.00,4129,4129,40.00,40.00,80.00,40,40,0.00,0.00,0,0
1578602919,s4,0.00,0.00,0.00,0,0,0.00,0.00,0.00,0,0,0.00,0.00,0,0
1578602919,s3-eth2,94132.00,3853130.00,3947262.00,3853130,94132,1256.00,2545.00,3801.00,2545,1256,0.00,0.00,0,0
1578602919,s3-eth1,3857014.00,93833.00,3950847.00,93833,3857014,2550.00,1259.00,3809.00,1259,2550,0.00,0.00,0,0
1578602919,total,11839290.00,11852540.00,23691830.00,11852540,11839290,11463.00,11487.00,22950.00,11487,11463,0.00,0.00,0,0
1578602920,s5,0.00,0.00,0.00,0,0,0.00,0.00,0.00,0,0,0.00,0.00,0,0
1578602920,s1,0.00,841.00,841.00,841,0,0.00,5.00,5.00,5,0,0.00,0.00,0,0
1578602920,eth0,0.00,0.00,0.00,0,0,0.00,0.00,0.00,0,0,0.00,0.00,0,0
1578602920,eth1,0.00,0.00,0.00,0,0,0.00,0.00,0.00,0,0,0.00,0.00,0,0
1578602920,s2,0.00,1183.00,1183.00,1183,0,0.00,6.00,6.00,6,0,0.00,0.00,0,0
1578602920,s1-eth2,104528.00,4246027.00,4350555.00,4246027,104528,1403.00,2808.00,4211.00,2808,1403,0.00,0.00,0,0
1578602920,s1-eth1,4244887.00,103744.00,4348631.00,103744,4244887,2809.00,1402.00,4211.00,1402,2809,0.00,0.00,0,0
1578602920,s3,0.00,1113.00,1113.00,1113,0,0.00,5.00,5.00,5,0,0.00,0.00,0,0
1578602920,s2-eth2,104639.00,4218111.00,4322750.00,4218111,104639,1404.00,2787.00,4191.00,2787,1404,0.00,0.00,0,0
1578602920,s2-eth1,4246027.00,104528.00,4350555.00,104528,4246027,2808.00,1403.00,4211.00,1403,2808,0.00,0.00,0,0
1578602920,lo,4863.00,4863.00,9726.00,4863,4863,48.00,48.00,96.00,48,48,0.00,0.00,0,0
1578602920,s4,0.00,0.00,0.00,0,0,0.00,0.00,0.00,0,0,0.00,0.00,0,0
1578602920,s3-eth2,104865.00,4237686.00,4342551.00,4237686,104865,1404.00,2799.00,4203.00,2799,1404,0.00,0.00,0,0
1578602920,s3-eth1,4218111.00,104639.00,4322750.00,104639,4218111,2787.00,1404.00,4191.00,1404,2787,0.00,0.00,0,0
1578602920,total,13027920.00,13022735.00,26050656.00,13022735,13027920,12663.00,12667.00,25330.00,12667,12663,0.00,0.00,0,0
1578602921,s5,0.00,0.00,0.00,0,0,0.00,0.00,0.00,0,0,0.00,0.00,0,0
1578602921,s1,0.00,1003.99,1003.99,1006,0,0.00,3.99,3.99,4,0,0.00,0.00,0,0
1578602921,eth0,159.68,159.68,319.36,160,160,2.00,2.00,3.99,2,2,0.00,0.00,0,0
1578602921,eth1,0.00,0.00,0.00,0,0,0.00,0.00,0.00,0,0,0.00,0.00,0,0
1578602921,s2,0.00,1003.99,1003.99,1006,0,0.00,3.99,3.99,4,0,0.00,0.00,0,0
1578602921,s1-eth2,109375.25,4423637.00,4533012.00,4432484,109594,1478.04,2925.15,4403.19,2931,1481,0.00,0.00,0,0
1578602921,s1-eth1,4430077.00,109005.99,4539083.00,109224,4438937,2931.14,1473.05,4404.19,1476,2937,0.00,0.00,0,0
1578602921,s3,0.00,732.53,732.53,734,0,0.00,3.99,3.99,4,0,0.00,0.00,0,0
1578602921,s2-eth2,110181.64,4431191.50,4541373.50,4440054,110402,1483.03,2930.14,4413.17,2936,1486,0.00,0.00,0,0
1578602921,s2-eth1,4423637.00,109375.25,4533012.00,109594,4432484,2925.15,1478.04,4403.19,1481,2931,0.00,0.00,0,0
1578602921,lo,4015.97,4015.97,8031.94,4024,4024,41.92,41.92,83.83,42,42,0.00,0.00,0,0
1578602921,s4,0.00,0.00,0.00,0,0,0.00,0.00,0.00,0,0,0.00,0.00,0,0
1578602921,s3-eth2,110282.44,4434720.50,4545003.00,4443590,110503,1481.04,2929.14,4410.18,2935,1484,0.00,0.00,0,0
1578602921,s3-eth1,4431191.50,110181.64,4541373.50,110402,4440054,2930.14,1483.03,4413.17,1486,2936,0.00,0.00,0,0
1578602921,total,13618921.00,13625028.00,27243948.00,13652278,13646158,13272.46,13274.45,26546.91,13301,13299,0.00,0.00,0,0
1578602922,s5,0.00,0.00,0.00,0,0,0.00,0.00,0.00,0,0,0.00,0.00,0,0
1578602922,s1,70.00,412.00,482.00,412,70,1.00,2.00,3.00,2,1,0.00,0.00,0,0
1578602922,eth0,0.00,0.00,0.00,0,0,0.00,0.00,0.00,0,0,0.00,0.00,0,0
1578602922,eth1,0.00,0.00,0.00,0,0,0.00,0.00,0.00,0,0,0.00,0.00,0,0
1578602922,s2,0.00,140.00,140.00,140,0,0.00,2.00,2.00,2,0,0.00,0.00,0,0
1578602922,s1-eth2,112328.00,4610542.00,4722870.00,4610542,112328,1518.00,3047.00,4565.00,3047,1518,0.00,0.00,0,0
1578602922,s1-eth1,4619696.00,112332.00,4732028.00,112332,4619696,3054.00,1518.00,4572.00,1518,3054,0.00,0.00,0,0
1578602922,s3,0.00,140.00,140.00,140,0,0.00,2.00,2.00,2,0,0.00,0.00,0,0
1578602922,s2-eth2,112402.00,4631396.00,4743798.00,4631396,112402,1519.00,3060.00,4579.00,3060,1519,0.00,0.00,0,0
1578602922,s2-eth1,4610542.00,112328.00,4722870.00,112328,4610542,3047.00,1518.00,4565.00,1518,3047,0.00,0.00,0,0
1578602922,lo,1934.00,1934.00,3868.00,1934,1934,21.00,21.00,42.00,21,21,0.00,0.00,0,0
1578602922,s4,0.00,0.00,0.00,0,0,0.00,0.00,0.00,0,0,0.00,0.00,0,0
1578602922,s3-eth2,113188.00,4637452.00,4750640.00,4637452,113188,1526.00,3064.00,4590.00,3064,1526,0.00,0.00,0,0
1578602922,s3-eth1,4631396.00,112402.00,4743798.00,112402,4631396,3060.00,1519.00,4579.00,1519,3060,0.00,0.00,0,0
1578602922,total,14201556.00,14219078.00,28420634.00,14219078,14201556,13746.00,13753.00,27499.00,13753,13746,0.00,0.00,0,0
1578602923,s5,0.00,0.00,0.00,0,0,0.00,0.00,0.00,0,0,0.00,0.00,0,0
1578602923,s1,0.00,107.00,107.00,107,0,0.00,1.00,1.00,1,0,0.00,0.00,0,0
1578602923,eth0,0.00,0.00,0.00,0,0,0.00,0.00,0.00,0,0,0.00,0.00,0,0
1578602923,eth1,0.00,0.00,0.00,0,0,0.00,0.00,0.00,0,0,0.00,0.00,0,0
1578602923,s2,0.00,107.00,107.00,107,0,0.00,1.00,1.00,1,0,0.00,0.00,0,0
1578602923,s1-eth2,106371.00,4380109.00,4486480.00,4380109,106371,1437.00,2894.00,4331.00,2894,1437,0.00,0.00,0,0
1578602923,s1-eth1,4367997.00,106560.00,4474557.00,106560,4367997,2886.00,1440.00,4326.00,1440,2886,0.00,0.00,0,0
1578602923,s3,0.00,107.00,107.00,107,0,0.00,1.00,1.00,1,0,0.00,0.00,0,0
1578602923,s2-eth2,106297.00,4384544.00,4490841.00,4384544,106297,1436.00,2896.00,4332.00,2896,1436,0.00,0.00,0,0
1578602923,s2-eth1,4380109.00,106371.00,4486480.00,106371,4380109,2894.00,1437.00,4331.00,1437,2894,0.00,0.00,0,0
1578602923,lo,915.00,915.00,1830.00,915,915,9.00,9.00,18.00,9,9,0.00,0.00,0,0
1578602923,s4,0.00,0.00,0.00,0,0,0.00,0.00,0.00,0,0,0.00,0.00,0,0
1578602923,s3-eth2,105853.00,4387572.00,4493425.00,4387572,105853,1430.00,2898.00,4328.00,2898,1430,0.00,0.00,0,0
1578602923,s3-eth1,4384544.00,106297.00,4490841.00,106297,4384544,2896.00,1436.00,4332.00,1436,2896,0.00,0.00,0,0
1578602923,total,13452086.00,13472689.00,26924776.00,13472689,13452086,12988.00,13013.00,26001.00,13013,12988,0.00,0.00,0,0
1578602924,s5,0.00,0.00,0.00,0,0,0.00,0.00,0.00,0,0,0.00,0.00,0,0
1578602924,s1,0.00,247.00,247.00,247,0,0.00,3.00,3.00,3,0,0.00,0.00,0,0
1578602924,eth0,0.00,0.00,0.00,0,0,0.00,0.00,0.00,0,0,0.00,0.00,0,0
1578602924,eth1,0.00,0.00,0.00,0,0,0.00,0.00,0.00,0,0,0.00,0.00,0,0
1578602924,s2,0.00,247.00,247.00,247,0,0.00,3.00,3.00,3,0,0.00,0.00,0,0
1578602924,s1-eth2,114544.00,4672381.00,4786925.00,4672381,114544,1548.00,3088.00,4636.00,3088,1548,0.00,0.00,0,0
1578602924,s1-eth1,4689142.00,114548.00,4803690.00,114548,4689142,3100.00,1548.00,4648.00,1548,3100,0.00,0.00,0,0
1578602924,s3,0.00,177.00,177.00,177,0,0.00,2.00,2.00,2,0,0.00,0.00,0,0
1578602924,s2-eth2,114211.00,4654143.00,4768354.00,4654143,114211,1543.00,3075.00,4618.00,3075,1543,0.00,0.00,0,0
1578602924,s2-eth1,4672381.00,114544.00,4786925.00,114544,4672381,3088.00,1548.00,4636.00,1548,3088,0.00,0.00,0,0
1578602924,lo,2255.00,2255.00,4510.00,2255,2255,24.00,24.00,48.00,24,24,0.00,0.00,0,0
1578602924,s4,0.00,0.00,0.00,0,0,0.00,0.00,0.00,0,0,0.00,0.00,0,0
1578602924,s3-eth2,114244.00,4635868.00,4750112.00,4635868,114244,1543.00,3062.00,4605.00,3062,1543,0.00,0.00,0,0
1578602924,s3-eth1,4654143.00,114211.00,4768354.00,114211,4654143,3075.00,1543.00,4618.00,1543,3075,0.00,0.00,0,0
1578602924,total,14360920.00,14308621.00,28669540.00,14308621,14360920,13921.00,13896.00,27817.00,13896,13921,0.00,0.00,0,0
1578602925,s5,0.00,0.00,0.00,0,0,0.00,0.00,0.00,0,0,0.00,0.00,0,0
1578602925,s1,0.00,70.00,70.00,70,0,0.00,1.00,1.00,1,0,0.00,0.00,0,0
1578602925,eth0,0.00,0.00,0.00,0,0,0.00,0.00,0.00,0,0,0.00,0.00,0,0
1578602925,eth1,0.00,0.00,0.00,0,0,0.00,0.00,0.00,0,0,0.00,0.00,0,0
1578602925,s2,0.00,70.00,70.00,70,0,0.00,1.00,1.00,1,0,0.00,0.00,0,0
1578602925,s1-eth2,113368.00,4587490.00,4700858.00,4587490,113368,1532.00,3031.00,4563.00,3031,1532,0.00,0.00,0,0
1578602925,s1-eth1,4584532.00,112406.00,4696938.00,112406,4584532,3030.00,1519.00,4549.00,1519,3030,0.00,0.00,0,0
1578602925,s3,0.00,482.00,482.00,482,0,0.00,3.00,3.00,3,0,0.00,0.00,0,0
1578602925,s2-eth2,114590.00,4592032.00,4706622.00,4592032,114590,1545.00,3034.00,4579.00,3034,1545,0.00,0.00,0,0
1578602925,s2-eth1,4587490.00,113368.00,4700858.00,113368,4587490,3031.00,1532.00,4563.00,1532,3031,0.00,0.00,0,0
1578602925,lo,1398.00,1398.00,2796.00,1398,1398,15.00,15.00,30.00,15,15,0.00,0.00,0,0
1578602925,s4,0.00,0.00,0.00,0,0,0.00,0.00,0.00,0,0,0.00,0.00,0,0
1578602925,s3-eth2,115030.00,4590448.00,4705478.00,4590448,115030,1551.00,3032.00,4583.00,3032,1551,0.00,0.00,0,0
1578602925,s3-eth1,4592032.00,114590.00,4706622.00,114590,4592032,3034.00,1545.00,4579.00,1545,3034,0.00,0.00,0,0
1578602925,total,14108440.00,14112354.00,28220794.00,14112354,14108440,13738.00,13713.00,27451.00,13713,13738,0.00,0.00,0,0
1578602926,s5,0.00,0.00,0.00,0,0,0.00,0.00,0.00,0,0,0.00,0.00,0,0
1578602926,s1,70.00,412.00,482.00,412,70,1.00,2.00,3.00,2,1,0.00,0.00,0,0
1578602926,eth0,0.00,0.00,0.00,0,0,0.00,0.00,0.00,0,0,0.00,0.00,0,0
1578602926,eth1,0.00,0.00,0.00,0,0,0.00,0.00,0.00,0,0,0.00,0.00,0,0
1578602926,s2,0.00,824.00,824.00,824,0,0.00,4.00,4.00,4,0,0.00,0.00,0,0
1578602926,s1-eth2,113928.00,4683214.00,4797142.00,4683214,113928,1536.00,3095.00,4631.00,3095,1536,0.00,0.00,0,0
1578602926,s1-eth1,4670000.00,113886.00,4783886.00,113886,4670000,3088.00,1539.00,4627.00,1539,3088,0.00,0.00,0,0
1578602926,s3,0.00,482.00,482.00,482,0,0.00,3.00,3.00,3,0,0.00,0.00,0,0
1578602926,s2-eth2,113484.00,4693812.00,4807296.00,4693812,113484,1530.00,3102.00,4632.00,3102,1530,0.00,0.00,0,0
1578602926,s2-eth1,4683214.00,113928.00,4797142.00,113928,4683214,3095.00,1536.00,4631.00,1536,3095,0.00,0.00,0,0
1578602926,lo,3256.00,3256.00,6512.00,3256,3256,36.00,36.00,72.00,36,36,0.00,0.00,0,0
1578602926,s4,0.00,0.00,0.00,0,0,0.00,0.00,0.00,0,0,0.00,0.00,0,0
1578602926,s3-eth2,113142.00,4708610.00,4821752.00,4708610,113142,1529.00,3111.00,4640.00,3111,1529,0.00,0.00,0,0
1578602926,s3-eth1,4693812.00,113484.00,4807296.00,113484,4693812,3102.00,1530.00,4632.00,1530,3102,0.00,0.00,0,0
1578602926,total,14390906.00,14431908.00,28822814.00,14431908,14390906,13917.00,13958.00,27875.00,13958,13917,0.00,0.00,0,0
1578602927,s5,0.00,0.00,0.00,0,0,0.00,0.00,0.00,0,0,0.00,0.00,0,0
1578602927,s1,0.00,342.00,342.00,342,0,0.00,1.00,1.00,1,0,0.00,0.00,0,0
1578602927,eth0,160.00,160.00,320.00,160,160,2.00,2.00,4.00,2,2,0.00,0.00,0,0
1578602927,eth1,0.00,0.00,0.00,0,0,0.00,0.00,0.00,0,0,0.00,0.00,0,0
1578602927,s2,0.00,0.00,0.00,0,0,0.00,0.00,0.00,0,0,0.00,0.00,0,0
1578602927,s1-eth2,117364.00,4830002.00,4947366.00,4830002,117364,1586.00,3191.00,4777.00,3191,1586,0.00,0.00,0,0
1578602927,s1-eth1,4839086.00,118030.00,4957116.00,118030,4839086,3197.00,1595.00,4792.00,1595,3197,0.00,0.00,0,0
1578602927,s3,0.00,0.00,0.00,0,0,0.00,0.00,0.00,0,0,0.00,0.00,0,0
1578602927,s2-eth2,117068.00,4823604.00,4940672.00,4823604,117068,1582.00,3186.00,4768.00,3186,1582,0.00,0.00,0,0
1578602927,s2-eth1,4830002.00,117364.00,4947366.00,117364,4830002,3191.00,1586.00,4777.00,1586,3191,0.00,0.00,0,0
1578602927,lo,326.00,326.00,652.00,326,326,3.00,3.00,6.00,3,3,0.00,0.00,0,0
1578602927,s4,0.00,0.00,0.00,0,0,0.00,0.00,0.00,0,0,0.00,0.00,0,0
1578602927,s3-eth2,116966.00,4816034.00,4933000.00,4816034,116966,1577.00,3181.00,4758.00,3181,1577,0.00,0.00,0,0
1578602927,s3-eth1,4823604.00,117068.00,4940672.00,117068,4823604,3186.00,1582.00,4768.00,1582,3186,0.00,0.00,0,0
1578602927,total,14844576.00,14822930.00,29667506.00,14822930,14844576,14324.00,14327.00,28651.00,14327,14324,0.00,0.00,0,0
1578602928,s5,0.00,0.00,0.00,0,0,0.00,0.00,0.00,0,0,0.00,0.00,0,0
1578602928,s1,0.00,0.00,0.00,0,0,0.00,0.00,0.00,0,0,0.00,0.00,0,0
1578602928,eth0,59.88,59.88,119.76,60,60,1.00,1.00,2.00,1,1,0.00,0.00,0,0
1578602928,eth1,0.00,0.00,0.00,0,0,0.00,0.00,0.00,0,0,0.00,0.00,0,0
1578602928,s2,0.00,0.00,0.00,0,0,0.00,0.00,0.00,0,0,0.00,0.00,0,0
1578602928,s1-eth2,121560.88,4940898.50,5062459.00,4950780,121804,1642.71,3263.47,4906.19,3270,1646,0.00,0.00,0,0
1578602928,s1-eth1,4933343.50,121339.33,5054683.00,121582,4943210,3258.48,1639.72,4898.20,1643,3265,0.00,0.00,0,0
1578602928,s3,0.00,0.00,0.00,0,0,0.00,0.00,0.00,0,0,0.00,0.00,0,0
1578602928,s2-eth2,121708.59,4951475.00,5073184.00,4961378,121952,1644.71,3270.46,4915.17,3277,1648,0.00,0.00,0,0
1578602928,s2-eth1,4945431.50,121708.59,5067140.00,121952,4955322,3266.47,1644.71,4911.18,1648,3273,0.00,0.00,0,0
1578602928,lo,0.00,0.00,0.00,0,0,0.00,0.00,0.00,0,0,0.00,0.00,0,0
1578602928,s4,0.00,0.00,0.00,0,0,0.00,0.00,0.00,0,0,0.00,0.00,0,0
1578602928,s3-eth2,121708.59,4960541.00,5082249.50,4970462,121952,1644.71,3276.45,4921.16,3283,1648,0.00,0.00,0,0
1578602928,s3-eth1,4951475.00,121708.59,5073184.00,121952,4961378,3270.46,1644.71,4915.17,1648,3277,0.00,0.00,0,0
1578602928,total,15195288.00,15217731.00,30413018.00,15248166,15225678,14728.54,14740.52,29469.06,14770,14758,0.00,0.00,0,0
1578602929,s5,0.00,0.00,0.00,0,0,0.00,0.00,0.00,0,0,0.00,0.00,0,0
1578602929,s1,0.00,0.00,0.00,0,0,0.00,0.00,0.00,0,0,0.00,0.00,0,0
1578602929,eth0,0.00,0.00,0.00,0,0,0.00,0.00,0.00,0,0,0.00,0.00,0,0
1578602929,eth1,0.00,0.00,0.00,0,0,0.00,0.00,0.00,0,0,0.00,0.00,0,0
1578602929,s2,0.00,0.00,0.00,0,0,0.00,0.00,0.00,0,0,0.00,0.00,0,0
1578602929,s1-eth2,123728.00,5105208.00,5228936.00,5105208,123728,1672.00,3372.00,5044.00,3372,1672,0.00,0.00,0,0
1578602929,s1-eth1,5097638.00,123876.00,5221514.00,123876,5097638,3367.00,1674.00,5041.00,1674,3367,0.00,0.00,0,0
1578602929,s3,0.00,0.00,0.00,0,0,0.00,0.00,0.00,0,0,0.00,0.00,0,0
1578602929,s2-eth2,124098.00,5100666.00,5224764.00,5100666,124098,1677.00,3369.00,5046.00,3369,1677,0.00,0.00,0,0
1578602929,s2-eth1,5100666.00,123580.00,5224246.00,123580,5100666,3369.00,1670.00,5039.00,1670,3369,0.00,0.00,0,0
1578602929,lo,0.00,0.00,0.00,0,0,0.00,0.00,0.00,0,0,0.00,0.00,0,0
1578602929,s4,0.00,0.00,0.00,0,0,0.00,0.00,0.00,0,0,0.00,0.00,0,0
1578602929,s3-eth2,125282.00,5105208.00,5230490.00,5105208,125282,1693.00,3372.00,5065.00,3372,1693,0.00,0.00,0,0
1578602929,s3-eth1,5100666.00,124098.00,5224764.00,124098,5100666,3369.00,1677.00,5046.00,1677,3369,0.00,0.00,0,0
1578602929,total,15672078.00,15682636.00,31354714.00,15682636,15672078,15147.00,15134.00,30281.00,15134,15147,0.00,0.00,0,0
1578602930,s5,0.00,0.00,0.00,0,0,0.00,0.00,0.00,0,0,0.00,0.00,0,0
1578602930,s1,0.00,0.00,0.00,0,0,0.00,0.00,0.00,0,0,0.00,0.00,0,0
1578602930,eth0,0.00,0.00,0.00,0,0,0.00,0.00,0.00,0,0,0.00,0.00,0,0
1578602930,eth1,0.00,0.00,0.00,0,0,0.00,0.00,0.00,0,0,0.00,0.00,0,0
1578602930,s2,0.00,0.00,0.00,0,0,0.00,0.00,0.00,0,0,0.00,0.00,0,0
1578602930,s1-eth2,117690.31,4797610.50,4915301.00,4802408,117808,1590.41,3168.83,4759.24,3172,1592,0.00,0.00,0,0
1578602930,s1-eth1,4793073.00,117468.53,4910541.50,117586,4797866,3165.83,1587.41,4753.25,1589,3169,0.00,0.00,0,0
1578602930,s3,0.00,0.00,0.00,0,0,0.00,0.00,0.00,0,0,0.00,0.00,0,0
1578602930,s2-eth2,117468.53,4803660.50,4921129.00,4808464,117586,1587.41,3172.83,4760.24,3176,1589,0.00,0.00,0,0
1578602930,s2-eth1,4797610.50,117690.31,4915301.00,117808,4802408,3168.83,1590.41,4759.24,1592,3172,0.00,0.00,0,0
1578602930,lo,0.00,0.00,0.00,0,0,0.00,0.00,0.00,0,0,0.00,0.00,0,0
1578602930,s4,0.00,0.00,0.00,0,0,0.00,0.00,0.00,0,0,0.00,0.00,0,0
1578602930,s3-eth2,117292.71,4799123.00,4916415.50,4803922,117410,1581.42,3169.83,4751.25,3173,1583,0.00,0.00,0,0
1578602930,s3-eth1,4803660.50,117468.53,4921129.00,117586,4808464,3172.83,1587.41,4760.24,1589,3176,0.00,0.00,0,0
1578602930,total,14746796.00,14753021.00,29499816.00,14767774,14761542,14266.73,14276.72,28543.46,14291,14281,0.00,0.00,0,0
1578602931,s5,0.00,0.00,0.00,0,0,0.00,0.00,0.00,0,0,0.00,0.00,0,0
1578602931,s1,0.00,107.00,107.00,107,0,0.00,1.00,1.00,1,0,0.00,0.00,0,0
1578602931,eth0,0.00,0.00,0.00,0,0,0.00,0.00,0.00,0,0,0.00,0.00,0,0
1578602931,eth1,0.00,0.00,0.00,0,0,0.00,0.00,0.00,0,0,0.00,0.00,0,0
1578602931,s2,0.00,107.00,107.00,107,0,0.00,1.00,1.00,1,0,0.00,0.00,0,0
1578602931,s1-eth2,127387.00,5234005.00,5361392.00,5234005,127387,1721.00,3458.00,5179.00,3458,1721,0.00,0.00,0,0
1578602931,s1-eth1,5237033.00,127576.00,5364609.00,127576,5237033,3460.00,1724.00,5184.00,1724,3460,0.00,0.00,0,0
1578602931,s3,0.00,107.00,107.00,107,0,0.00,1.00,1.00,1,0,0.00,0.00,0,0
1578602931,s2-eth2,127165.00,5230870.00,5358035.00,5230870,127165,1718.00,3455.00,5173.00,3455,1718,0.00,0.00,0,0
1578602931,s2-eth1,5234005.00,127387.00,5361392.00,127387,5234005,3458.00,1721.00,5179.00,1721,3458,0.00,0.00,0,0
1578602931,lo,1431.00,1431.00,2862.00,1431,1431,18.00,18.00,36.00,18,18,0.00,0.00,0,0
1578602931,s4,0.00,0.00,0.00,0,0,0.00,0.00,0.00,0,0,0.00,0.00,0,0
1578602931,s3-eth2,126573.00,5238440.00,5365013.00,5238440,126573,1710.00,3460.00,5170.00,3460,1710,0.00,0.00,0,0
1578602931,s3-eth1,5230870.00,127165.00,5358035.00,127165,5230870,3455.00,1718.00,5173.00,1718,3455,0.00,0.00,0,0
1578602931,total,16084464.00,16087195.00,32171660.00,16087195,16084464,15540.00,15557.00,31097.00,15557,15540,0.00,0.00,0,0
1578602932,s5,0.00,0.00,0.00,0,0,0.00,0.00,0.00,0,0,0.00,0.00,0,0
1578602932,s1,0.00,107.00,107.00,107,0,0.00,1.00,1.00,1,0,0.00,0.00,0,0
1578602932,eth0,504.00,1581.00,2085.00,1581,504,4.00,4.00,8.00,4,4,0.00,0.00,0,0
1578602932,eth1,0.00,0.00,0.00,0,0,0.00,0.00,0.00,0,0,0.00,0.00,0,0
1578602932,s2,0.00,107.00,107.00,107,0,0.00,1.00,1.00,1,0,0.00,0.00,0,0
1578602932,s1-eth2,115810.00,4735899.00,4851709.00,4735899,115810,1565.00,3129.00,4694.00,3129,1565,0.00,0.00,0,0
1578602932,s1-eth1,4739034.00,115810.00,4854844.00,115810,4739034,3132.00,1565.00,4697.00,1565,3132,0.00,0.00,0,0
1578602932,s3,0.00,107.00,107.00,107,0,0.00,1.00,1.00,1,0,0.00,0.00,0,0
1578602932,s2-eth2,115843.00,4735899.00,4851742.00,4735899,115843,1565.00,3129.00,4694.00,3129,1565,0.00,0.00,0,0
1578602932,s2-eth1,4735899.00,115810.00,4851709.00,115810,4735899,3129.00,1565.00,4694.00,1565,3129,0.00,0.00,0,0
1578602932,lo,1505.00,1505.00,3010.00,1505,1505,13.00,13.00,26.00,13,13,0.00,0.00,0,0
1578602932,s4,0.00,0.00,0.00,0,0,0.00,0.00,0.00,0,0,0.00,0.00,0,0
1578602932,s3-eth2,116024.00,4731250.00,4847274.00,4731250,116024,1567.00,3125.00,4692.00,3125,1567,0.00,0.00,0,0
1578602932,s3-eth1,4735899.00,115843.00,4851742.00,115843,4735899,3129.00,1565.00,4694.00,1565,3129,0.00,0.00,0,0
1578602932,total,14560518.00,14553918.00,29114436.00,14553918,14560518,14104.00,14098.00,28202.00,14098,14104,0.00,0.00,0,0
1578602933,s5,0.00,0.00,0.00,0,0,0.00,0.00,0.00,0,0,0.00,0.00,0,0
1578602933,s1,0.00,342.00,342.00,342,0,0.00,1.00,1.00,1,0,0.00,0.00,0,0
1578602933,eth0,0.00,0.00,0.00,0,0,0.00,0.00,0.00,0,0,0.00,0.00,0,0
1578602933,eth1,0.00,0.00,0.00,0,0,0.00,0.00,0.00,0,0,0.00,0.00,0,0
1578602933,s2,0.00,0.00,0.00,0,0,0.00,0.00,0.00,0,0,0.00,0.00,0,0
1578602933,s1-eth2,131646.00,5334164.00,5465810.00,5334164,131646,1779.00,3524.00,5303.00,3524,1779,0.00,0.00,0,0
1578602933,s1-eth1,5329622.00,130684.00,5460306.00,130684,5329622,3521.00,1766.00,5287.00,1766,3521,0.00,0.00,0,0
1578602933,s3,0.00,0.00,0.00,0,0,0.00,0.00,0.00,0,0,0.00,0.00,0,0
1578602933,s2-eth2,131646.00,5332308.00,5463954.00,5332308,131646,1779.00,3522.00,5301.00,3522,1779,0.00,0.00,0,0
1578602933,s2-eth1,5334164.00,131646.00,5465810.00,131646,5334164,3524.00,1779.00,5303.00,1779,3524,0.00,0.00,0,0
1578602933,lo,326.00,326.00,652.00,326,326,3.00,3.00,6.00,3,3,0.00,0.00,0,0
1578602933,s4,0.00,0.00,0.00,0,0,0.00,0.00,0.00,0,0,0.00,0.00,0,0
1578602933,s3-eth2,131720.00,5333822.00,5465542.00,5333822,131720,1780.00,3523.00,5303.00,3523,1780,0.00,0.00,0,0
1578602933,s3-eth1,5332308.00,131646.00,5463954.00,131646,5332308,3522.00,1779.00,5301.00,1779,3522,0.00,0.00,0,0
1578602933,total,16391432.00,16394938.00,32786370.00,16394938,16391432,15908.00,15897.00,31805.00,15897,15908,0.00,0.00,0,0
1578602934,s5,0.00,0.00,0.00,0,0,0.00,0.00,0.00,0,0,0.00,0.00,0,0
1578602934,s1,0.00,0.00,0.00,0,0,0.00,0.00,0.00,0,0,0.00,0.00,0,0
1578602934,eth0,0.00,0.00,0.00,0,0,0.00,0.00,0.00,0,0,0.00,0.00,0,0
1578602934,eth1,0.00,0.00,0.00,0,0,0.00,0.00,0.00,0,0,0.00,0.00,0,0
1578602934,s2,0.00,0.00,0.00,0,0,0.00,0.00,0.00,0,0,0.00,0.00,0,0
1578602934,s1-eth2,130092.00,5342906.00,5472998.00,5342906,130092,1758.00,3529.00,5287.00,3529,1758,0.00,0.00,0,0
1578602934,s1-eth1,5348962.00,130388.00,5479350.00,130388,5348962,3533.00,1762.00,5295.00,1762,3533,0.00,0.00,0,0
1578602934,s3,0.00,0.00,0.00,0,0,0.00,0.00,0.00,0,0,0.00,0.00,0,0
1578602934,s2-eth2,131054.00,5344420.00,5475474.00,5344420,131054,1771.00,3530.00,5301.00,3530,1771,0.00,0.00,0,0
1578602934,s2-eth1,5342906.00,130092.00,5472998.00,130092,5342906,3529.00,1758.00,5287.00,1758,3529,0.00,0.00,0,0
1578602934,lo,0.00,0.00,0.00,0,0,0.00,0.00,0.00,0,0,0.00,0.00,0,0
1578602934,s4,0.00,0.00,0.00,0,0,0.00,0.00,0.00,0,0,0.00,0.00,0,0
1578602934,s3-eth2,130980.00,5347448.00,5478428.00,5347448,130980,1770.00,3532.00,5302.00,3532,1770,0.00,0.00,0,0
1578602934,s3-eth1,5344420.00,131054.00,5475474.00,131054,5344420,3530.00,1771.00,5301.00,1771,3530,0.00,0.00,0,0
1578602934,total,16428414.00,16426308.00,32854722.00,16426308,16428414,15891.00,15882.00,31773.00,15882,15891,0.00,0.00,0,0
1578602935,s5,0.00,0.00,0.00,0,0,0.00,0.00,0.00,0,0,0.00,0.00,0,0
1578602935,s1,0.00,0.00,0.00,0,0,0.00,0.00,0.00,0,0,0.00,0.00,0,0
1578602935,eth0,0.00,0.00,0.00,0,0,0.00,0.00,0.00,0,0,0.00,0.00,0,0
1578602935,eth1,0.00,0.00,0.00,0,0,0.00,0.00,0.00,0,0,0.00,0.00,0,0
1578602935,s2,0.00,0.00,0.00,0,0,0.00,0.00,0.00,0,0,0.00,0.00,0,0
1578602935,s1-eth2,122248.00,5035564.00,5157812.00,5035564,122248,1652.00,3326.00,4978.00,3326,1652,0.00,0.00,0,0
1578602935,s1-eth1,5035564.00,122988.00,5158552.00,122988,5035564,3326.00,1662.00,4988.00,1662,3326,0.00,0.00,0,0
1578602935,s3,0.00,0.00,0.00,0,0,0.00,0.00,0.00,0,0,0.00,0.00,0,0
1578602935,s2-eth2,121508.00,5034050.00,5155558.00,5034050,121508,1642.00,3325.00,4967.00,3325,1642,0.00,0.00,0,0
1578602935,s2-eth1,5035564.00,122248.00,5157812.00,122248,5035564,3326.00,1652.00,4978.00,1652,3326,0.00,0.00,0,0
1578602935,lo,0.00,0.00,0.00,0,0,0.00,0.00,0.00,0,0,0.00,0.00,0,0
1578602935,s4,0.00,0.00,0.00,0,0,0.00,0.00,0.00,0,0,0.00,0.00,0,0
1578602935,s3-eth2,121730.00,5031022.00,5152752.00,5031022,121730,1645.00,3323.00,4968.00,3323,1645,0.00,0.00,0,0
1578602935,s3-eth1,5034050.00,121508.00,5155558.00,121508,5034050,3325.00,1642.00,4967.00,1642,3325,0.00,0.00,0,0
1578602935,total,15470664.00,15467380.00,30938044.00,15467380,15470664,14916.00,14930.00,29846.00,14930,14916,0.00,0.00,0,0
1578602936,s5,0.00,0.00,0.00,0,0,0.00,0.00,0.00,0,0,0.00,0.00,0,0
1578602936,s1,0.00,0.00,0.00,0,0,0.00,0.00,0.00,0,0,0.00,0.00,0,0
1578602936,eth0,0.00,0.00,0.00,0,0,0.00,0.00,0.00,0,0,0.00,0.00,0,0
1578602936,eth1,0.00,0.00,0.00,0,0,0.00,0.00,0.00,0,0,0.00,0.00,0,0
1578602936,s2,0.00,0.00,0.00,0,0,0.00,0.00,0.00,0,0,0.00,0.00,0,0
1578602936,s1-eth2,128390.00,5253580.00,5381970.00,5253580,128390,1735.00,3470.00,5205.00,3470,1735,0.00,0.00,0,0
1578602936,s1-eth1,5252066.00,128316.00,5380382.00,128316,5252066,3469.00,1734.00,5203.00,1734,3469,0.00,0.00,0,0
1578602936,s3,0.00,0.00,0.00,0,0,0.00,0.00,0.00,0,0,0.00,0.00,0,0
1578602936,s2-eth2,128242.00,5253580.00,5381822.00,5253580,128242,1733.00,3470.00,5203.00,3470,1733,0.00,0.00,0,0
1578602936,s2-eth1,5253580.00,128390.00,5381970.00,128390,5253580,3470.00,1735.00,5205.00,1735,3470,0.00,0.00,0,0
1578602936,lo,344.00,344.00,688.00,344,344,6.00,6.00,12.00,6,6,0.00,0.00,0,0
1578602936,s4,0.00,0.00,0.00,0,0,0.00,0.00,0.00,0,0,0.00,0.00,0,0
1578602936,s3-eth2,127872.00,5253580.00,5381452.00,5253580,127872,1728.00,3470.00,5198.00,3470,1728,0.00,0.00,0,0
1578602936,s3-eth1,5253580.00,128242.00,5381822.00,128242,5253580,3470.00,1733.00,5203.00,1733,3470,0.00,0.00,0,0
1578602936,total,16144074.00,16146032.00,32290106.00,16146032,16144074,15611.00,15618.00,31229.00,15618,15611,0.00,0.00,0,0
1578602937,s5,0.00,0.00,0.00,0,0,0.00,0.00,0.00,0,0,0.00,0.00,0,0
1578602937,s1,0.00,0.00,0.00,0,0,0.00,0.00,0.00,0,0,0.00,0.00,0,0
1578602937,eth0,160.00,160.00,320.00,160,160,2.00,2.00,4.00,2,2,0.00,0.00,0,0
1578602937,eth1,0.00,0.00,0.00,0,0,0.00,0.00,0.00,0,0,0.00,0.00,0,0
1578602937,s2,0.00,0.00,0.00,0,0,0.00,0.00,0.00,0,0,0.00,0.00,0,0
1578602937,s1-eth2,128834.00,5256608.00,5385442.00,5256608,128834,1741.00,3472.00,5213.00,3472,1741,0.00,0.00,0,0
1578602937,s1-eth1,5249038.00,128316.00,5377354.00,128316,5249038,3467.00,1734.00,5201.00,1734,3467,0.00,0.00,0,0
1578602937,s3,0.00,342.00,342.00,342,0,0.00,1.00,1.00,1,0,0.00,0.00,0,0
1578602937,s2-eth2,129842.00,5259636.00,5389478.00,5259636,129842,1751.00,3474.00,5225.00,3474,1751,0.00,0.00,0,0
1578602937,s2-eth1,5256608.00,128834.00,5385442.00,128834,5256608,3472.00,1741.00,5213.00,1741,3472,0.00,0.00,0,0
1578602937,lo,670.00,670.00,1340.00,670,670,9.00,9.00,18.00,9,9,0.00,0.00,0,0
1578602937,s4,0.00,0.00,0.00,0,0,0.00,0.00,0.00,0,0,0.00,0.00,0,0
1578602937,s3-eth2,130434.00,5255094.00,5385528.00,5255094,130434,1759.00,3471.00,5230.00,3471,1759,0.00,0.00,0,0
1578602937,s3-eth1,5259636.00,129842.00,5389478.00,129842,5259636,3474.00,1751.00,5225.00,1751,3474,0.00,0.00,0,0
1578602937,total,16155222.00,16159502.00,32314724.00,16159502,16155222,15675.00,15655.00,31330.00,15655,15675,0.00,0.00,0,0
1578602938,s5,0.00,0.00,0.00,0,0,0.00,0.00,0.00,0,0,0.00,0.00,0,0
1578602938,s1,0.00,0.00,0.00,0,0,0.00,0.00,0.00,0,0,0.00,0.00,0,0
1578602938,eth0,60.00,60.00,120.00,60,60,1.00,1.00,2.00,1,1,0.00,0.00,0,0
1578602938,eth1,0.00,0.00,0.00,0,0,0.00,0.00,0.00,0,0,0.00,0.00,0,0
1578602938,s2,0.00,0.00,0.00,0,0,0.00,0.00,0.00,0,0,0.00,0.00,0,0
1578602938,s1-eth2,128686.00,5274776.00,5403462.00,5274776,128686,1739.00,3484.00,5223.00,3484,1739,0.00,0.00,0,0
1578602938,s1-eth1,5283860.00,129056.00,5412916.00,129056,5283860,3490.00,1744.00,5234.00,1744,3490,0.00,0.00,0,0
1578602938,s3,0.00,0.00,0.00,0,0,0.00,0.00,0.00,0,0,0.00,0.00,0,0
1578602938,s2-eth2,128464.00,5276290.00,5404754.00,5276290,128464,1736.00,3485.00,5221.00,3485,1736,0.00,0.00,0,0
1578602938,s2-eth1,5274776.00,128686.00,5403462.00,128686,5274776,3484.00,1739.00,5223.00,1739,3484,0.00,0.00,0,0
1578602938,lo,0.00,0.00,0.00,0,0,0.00,0.00,0.00,0,0,0.00,0.00,0,0
1578602938,s4,0.00,0.00,0.00,0,0,0.00,0.00,0.00,0,0,0.00,0.00,0,0
1578602938,s3-eth2,128834.00,5277804.00,5406638.00,5277804,128834,1741.00,3486.00,5227.00,3486,1741,0.00,0.00,0,0
1578602938,s3-eth1,5276290.00,128464.00,5404754.00,128464,5276290,3485.00,1736.00,5221.00,1736,3485,0.00,0.00,0,0
1578602938,total,16220970.00,16215136.00,32436106.00,16215136,16220970,15676.00,15675.00,31351.00,15675,15676,0.00,0.00,0,0
1578602939,s5,0.00,0.00,0.00,0,0,0.00,0.00,0.00,0,0,0.00,0.00,0,0
1578602939,s1,0.00,0.00,0.00,0,0,0.00,0.00,0.00,0,0,0.00,0.00,0,0
1578602939,eth0,0.00,0.00,0.00,0,0,0.00,0.00,0.00,0,0,0.00,0.00,0,0
1578602939,eth1,0.00,0.00,0.00,0,0,0.00,0.00,0.00,0,0,0.00,0.00,0,0
1578602939,s2,0.00,0.00,0.00,0,0,0.00,0.00,0.00,0,0,0.00,0.00,0,0
1578602939,s1-eth2,131424.00,5388326.00,5519750.00,5388326,131424,1776.00,3559.00,5335.00,3559,1776,0.00,0.00,0,0
1578602939,s1-eth1,5385298.00,131646.00,5516944.00,131646,5385298,3557.00,1779.00,5336.00,1779,3557,0.00,0.00,0,0
1578602939,s3,0.00,0.00,0.00,0,0,0.00,0.00,0.00,0,0,0.00,0.00,0,0
1578602939,s2-eth2,130980.00,5386812.00,5517792.00,5386812,130980,1770.00,3558.00,5328.00,3558,1770,0.00,0.00,0,0
1578602939,s2-eth1,5388326.00,131424.00,5519750.00,131424,5388326,3559.00,1776.00,5335.00,1776,3559,0.00,0.00,0,0
1578602939,lo,0.00,0.00,0.00,0,0,0.00,0.00,0.00,0,0,0.00,0.00,0,0
1578602939,s4,0.00,0.00,0.00,0,0,0.00,0.00,0.00,0,0,0.00,0.00,0,0
1578602939,s3-eth2,130166.00,5389840.00,5520006.00,5389840,130166,1759.00,3560.00,5319.00,3560,1759,0.00,0.00,0,0
1578602939,s3-eth1,5386812.00,130980.00,5517792.00,130980,5386812,3558.00,1770.00,5328.00,1770,3558,0.00,0.00,0,0
1578602939,total,16553006.00,16559028.00,33112034.00,16559028,16553006,15979.00,16002.00,31981.00,16002,15979,0.00,0.00,0,0
1578602940,s5,0.00,0.00,0.00,0,0,0.00,0.00,0.00,0,0,0.00,0.00,0,0
1578602940,s1,0.00,342.00,342.00,342,0,0.00,1.00,1.00,1,0,0.00,0.00,0,0
1578602940,eth0,0.00,0.00,0.00,0,0,0.00,0.00,0.00,0,0,0.00,0.00,0,0
1578602940,eth1,0.00,0.00,0.00,0,0,0.00,0.00,0.00,0,0,0.00,0.00,0,0
1578602940,s2,0.00,684.00,684.00,684,0,0.00,2.00,2.00,2,0,0.00,0.00,0,0
1578602940,s1-eth2,131100.00,5350818.00,5481918.00,5350818,131100,1768.00,3535.00,5303.00,3535,1768,0.00,0.00,0,0
1578602940,s1-eth1,5349304.00,130684.00,5479988.00,130684,5349304,3534.00,1766.00,5300.00,1766,3534,0.00,0.00,0,0
1578602940,s3,0.00,342.00,342.00,342,0,0.00,1.00,1.00,1,0,0.00,0.00,0,0
1578602940,s2-eth2,131026.00,5352332.00,5483358.00,5352332,131026,1767.00,3536.00,5303.00,3536,1767,0.00,0.00,0,0
1578602940,s2-eth1,5350818.00,131100.00,5481918.00,131100,5350818,3535.00,1768.00,5303.00,1768,3535,0.00,0.00,0,0
1578602940,lo,1304.00,1304.00,2608.00,1304,1304,12.00,12.00,24.00,12,12,0.00,0.00,0,0
1578602940,s4,0.00,0.00,0.00,0,0,0.00,0.00,0.00,0,0,0.00,0.00,0,0
1578602940,s3-eth2,130878.00,5351990.00,5482868.00,5351990,130878,1765.00,3535.00,5300.00,3535,1765,0.00,0.00,0,0
1578602940,s3-eth1,5352332.00,131026.00,5483358.00,131026,5352332,3536.00,1767.00,5303.00,1767,3536,0.00,0.00,0,0
1578602940,total,16446762.00,16450622.00,32897384.00,16450622,16446762,15917.00,15923.00,31840.00,15923,15917,0.00,0.00,0,0
1578602941,s5,0.00,0.00,0.00,0,0,0.00,0.00,0.00,0,0,0.00,0.00,0,0
1578602941,s1,0.00,0.00,0.00,0,0,0.00,0.00,0.00,0,0,0.00,0.00,0,0
1578602941,eth0,0.00,0.00,0.00,0,0,0.00,0.00,0.00,0,0,0.00,0.00,0,0
1578602941,eth1,0.00,0.00,0.00,0,0,0.00,0.00,0.00,0,0,0.00,0.00,0,0
1578602941,s2,0.00,0.00,0.00,0,0,0.00,0.00,0.00,0,0,0.00,0.00,0,0
1578602941,s1-eth2,117364.00,4800894.00,4918258.00,4800894,117364,1586.00,3171.00,4757.00,3171,1586,0.00,0.00,0,0
1578602941,s1-eth1,4802750.00,117438.00,4920188.00,117438,4802750,3173.00,1587.00,4760.00,1587,3173,0.00,0.00,0,0
1578602941,s3,0.00,0.00,0.00,0,0,0.00,0.00,0.00,0,0,0.00,0.00,0,0
1578602941,s2-eth2,117364.00,4797866.00,4915230.00,4797866,117364,1586.00,3169.00,4755.00,3169,1586,0.00,0.00,0,0
1578602941,s2-eth1,4800894.00,117364.00,4918258.00,117364,4800894,3171.00,1586.00,4757.00,1586,3171,0.00,0.00,0,0
1578602941,lo,344.00,344.00,688.00,344,344,6.00,6.00,12.00,6,6,0.00,0.00,0,0
1578602941,s4,0.00,0.00,0.00,0,0,0.00,0.00,0.00,0,0,0.00,0.00,0,0
1578602941,s3-eth2,117512.00,4803922.00,4921434.00,4803922,117512,1588.00,3173.00,4761.00,3173,1588,0.00,0.00,0,0
1578602941,s3-eth1,4797866.00,117364.00,4915230.00,117364,4797866,3169.00,1586.00,4755.00,1586,3169,0.00,0.00,0,0
1578602941,total,14754094.00,14755192.00,29509286.00,14755192,14754094,14279.00,14278.00,28557.00,14278,14279,0.00,0.00,0,0
1578602942,s5,0.00,0.00,0.00,0,0,0.00,0.00,0.00,0,0,0.00,0.00,0,0
1578602942,s1,0.00,0.00,0.00,0,0,0.00,0.00,0.00,0,0,0.00,0.00,0,0
1578602942,eth0,0.00,0.00,0.00,0,0,0.00,0.00,0.00,0,0,0.00,0.00,0,0
1578602942,eth1,0.00,0.00,0.00,0,0,0.00,0.00,0.00,0,0,0.00,0.00,0,0
1578602942,s2,0.00,0.00,0.00,0,0,0.00,0.00,0.00,0,0,0.00,0.00,0,0
1578602942,s1-eth2,118844.00,4793324.00,4912168.00,4793324,118844,1606.00,3166.00,4772.00,3166,1606,0.00,0.00,0,0
1578602942,s1-eth1,4797866.00,117586.00,4915452.00,117586,4797866,3169.00,1589.00,4758.00,1589,3169,0.00,0.00,0,0
1578602942,s3,0.00,0.00,0.00,0,0,0.00,0.00,0.00,0,0,0.00,0.00,0,0
1578602942,s2-eth2,118844.00,4793324.00,4912168.00,4793324,118844,1606.00,3166.00,4772.00,3166,1606,0.00,0.00,0,0
1578602942,s2-eth1,4793324.00,118844.00,4912168.00,118844,4793324,3166.00,1606.00,4772.00,1606,3166,0.00,0.00,0,0
1578602942,lo,0.00,0.00,0.00,0,0,0.00,0.00,0.00,0,0,0.00,0.00,0,0
1578602942,s4,0.00,0.00,0.00,0,0,0.00,0.00,0.00,0,0,0.00,0.00,0,0
1578602942,s3-eth2,118770.00,4787268.00,4906038.00,4787268,118770,1605.00,3162.00,4767.00,3162,1605,0.00,0.00,0,0
1578602942,s3-eth1,4793324.00,118844.00,4912168.00,118844,4793324,3166.00,1606.00,4772.00,1606,3166,0.00,0.00,0,0
1578602942,total,14740972.00,14729190.00,29470162.00,14729190,14740972,14318.00,14295.00,28613.00,14295,14318,0.00,0.00,0,0
1578602943,s5,0.00,0.00,0.00,0,0,0.00,0.00,0.00,0,0,0.00,0.00,0,0
1578602943,s1,0.00,0.00,0.00,0,0,0.00,0.00,0.00,0,0,0.00,0.00,0,0
1578602943,eth0,159.68,159.68,319.36,160,160,2.00,2.00,3.99,2,2,0.00,0.00,0,0
1578602943,eth1,0.00,182.63,182.63,183,0,0.00,1.00,1.00,1,0,0.00,0.00,0,0
1578602943,s2,0.00,0.00,0.00,0,0,0.00,0.00,0.00,0,0,0.00,0.00,0,0
1578602943,s1-eth2,126213.58,5176611.00,5302824.50,5186964,126466,1705.59,3419.16,5124.75,3426,1709,0.00,0.00,0,0
1578602943,s1-eth1,5173589.00,126730.54,5300319.50,126984,5183936,3417.17,1712.57,5129.74,1716,3424,0.00,0.00,0,0
1578602943,s3,0.00,0.00,0.00,0,0,0.00,0.00,0.00,0,0,0.00,0.00,0,0
1578602943,s2-eth2,126952.10,5184166.00,5311118.00,5194534,127206,1715.57,3424.15,5139.72,3431,1719,0.00,0.00,0,0
1578602943,s2-eth1,5176611.00,126213.58,5302824.50,126466,5186964,3419.16,1705.59,5124.75,1709,3426,0.00,0.00,0,0
1578602943,lo,0.00,0.00,0.00,0,0,0.00,0.00,0.00,0,0,0.00,0.00,0,0
1578602943,s4,0.00,0.00,0.00,0,0,0.00,0.00,0.00,0,0,0.00,0.00,0,0
1578602943,s3-eth2,127690.62,5181144.00,5308834.50,5191506,127946,1725.55,3422.16,5147.70,3429,1729,0.00,0.00,0,0
1578602943,s3-eth1,5184166.00,126952.10,5311118.00,127206,5194534,3424.15,1715.57,5139.72,1719,3431,0.00,0.00,0,0
1578602943,total,15915382.00,15922159.00,31837542.00,15954003,15947212,15409.18,15402.20,30811.38,15433,15440,0.00,0.00,0,0
1578602944,s5,0.00,0.00,0.00,0,0,0.00,0.00,0.00,0,0,0.00,0.00,0,0
1578602944,s1,0.00,0.00,0.00,0,0,0.00,0.00,0.00,0,0,0.00,0.00,0,0
1578602944,eth0,0.00,0.00,0.00,0,0,0.00,0.00,0.00,0,0,0.00,0.00,0,0
1578602944,eth1,0.00,0.00,0.00,0,0,0.00,0.00,0.00,0,0,0.00,0.00,0,0
1578602944,s2,0.00,0.00,0.00,0,0,0.00,0.00,0.00,0,0,0.00,0.00,0,0
1578602944,s1-eth2,90650.00,3766832.00,3857482.00,3766832,90650,1225.00,2488.00,3713.00,2488,1225,0.00,0.00,0,0
1578602944,s1-eth1,3766832.00,91390.00,3858222.00,91390,3766832,2488.00,1235.00,3723.00,1235,2488,0.00,0.00,0,0
1578602944,s3,0.00,0.00,0.00,0,0,0.00,0.00,0.00,0,0,0.00,0.00,0,0
1578602944,s2-eth2,89910.00,3765318.00,3855228.00,3765318,89910,1215.00,2487.00,3702.00,2487,1215,0.00,0.00,0,0
1578602944,s2-eth1,3766832.00,90650.00,3857482.00,90650,3766832,2488.00,1225.00,3713.00,1225,2488,0.00,0.00,0,0
1578602944,lo,516.00,516.00,1032.00,516,516,9.00,9.00,18.00,9,9,0.00,0.00,0,0
1578602944,s4,0.00,0.00,0.00,0,0,0.00,0.00,0.00,0,0,0.00,0.00,0,0
1578602944,s3-eth2,89170.00,3775916.00,3865086.00,3775916,89170,1205.00,2494.00,3699.00,2494,1205,0.00,0.00,0,0
1578602944,s3-eth1,3765318.00,89910.00,3855228.00,89910,3765318,2487.00,1215.00,3702.00,1215,2487,0.00,0.00,0,0
1578602944,total,11569228.00,11580532.00,23149760.00,11580532,11569228,11117.00,11153.00,22270.00,11153,11117,0.00,0.00,0,0
1578602945,s5,0.00,0.00,0.00,0,0,0.00,0.00,0.00,0,0,0.00,0.00,0,0
1578602945,s1,0.00,0.00,0.00,0,0,0.00,0.00,0.00,0,0,0.00,0.00,0,0
1578602945,eth0,0.00,0.00,0.00,0,0,0.00,0.00,0.00,0,0,0.00,0.00,0,0
1578602945,eth1,0.00,0.00,0.00,0,0,0.00,0.00,0.00,0,0,0.00,0.00,0,0
1578602945,s2,0.00,0.00,0.00,0,0,0.00,0.00,0.00,0,0,0.00,0.00,0,0
1578602945,s1-eth2,109890.00,4476898.00,4586788.00,4476898,109890,1485.00,2957.00,4442.00,2957,1485,0.00,0.00,0,0
1578602945,s1-eth1,4466300.00,109890.00,4576190.00,109890,4466300,2950.00,1485.00,4435.00,1485,2950,0.00,0.00,0,0
1578602945,s3,0.00,342.00,342.00,342,0,0.00,1.00,1.00,1,0,0.00,0.00,0,0
1578602945,s2-eth2,110676.00,4481440.00,4592116.00,4481440,110676,1492.00,2960.00,4452.00,2960,1492,0.00,0.00,0,0
1578602945,s2-eth1,4476898.00,109890.00,4586788.00,109890,4476898,2957.00,1485.00,4442.00,1485,2957,0.00,0.00,0,0
1578602945,lo,326.00,326.00,652.00,326,326,3.00,3.00,6.00,3,3,0.00,0.00,0,0
1578602945,s4,0.00,0.00,0.00,0,0,0.00,0.00,0.00,0,0,0.00,0.00,0,0
1578602945,s3-eth2,111934.00,4473870.00,4585804.00,4473870,111934,1509.00,2955.00,4464.00,2955,1509,0.00,0.00,0,0
1578602945,s3-eth1,4481440.00,110676.00,4592116.00,110676,4481440,2960.00,1492.00,4452.00,1492,2960,0.00,0.00,0,0
1578602945,total,13757464.00,13763332.00,27520796.00,13763332,13757464,13356.00,13338.00,26694.00,13338,13356,0.00,0.00,0,0
1578602946,s5,0.00,0.00,0.00,0,0,0.00,0.00,0.00,0,0,0.00,0.00,0,0
1578602946,s1,0.00,342.00,342.00,342,0,0.00,1.00,1.00,1,0,0.00,0.00,0,0
1578602946,eth0,0.00,0.00,0.00,0,0,0.00,0.00,0.00,0,0,0.00,0.00,0,0
1578602946,eth1,0.00,0.00,0.00,0,0,0.00,0.00,0.00,0,0,0.00,0.00,0,0
1578602946,s2,0.00,0.00,0.00,0,0,0.00,0.00,0.00,0,0,0.00,0.00,0,0
1578602946,s1-eth2,119288.00,4893590.00,5012878.00,4893590,119288,1612.00,3233.00,4845.00,3233,1612,0.00,0.00,0,0
1578602946,s1-eth1,4908730.00,119288.00,5028018.00,119288,4908730,3243.00,1612.00,4855.00,1612,3243,0.00,0.00,0,0
1578602946,s3,0.00,0.00,0.00,0,0,0.00,0.00,0.00,0,0,0.00,0.00,0,0
1578602946,s2-eth2,119214.00,4881136.00,5000350.00,4881136,119214,1611.00,3224.00,4835.00,3224,1611,0.00,0.00,0,0
1578602946,s2-eth1,4893590.00,119288.00,5012878.00,119288,4893590,3233.00,1612.00,4845.00,1612,3233,0.00,0.00,0,0
1578602946,lo,670.00,670.00,1340.00,670,670,9.00,9.00,18.00,9,9,0.00,0.00,0,0
1578602946,s4,0.00,0.00,0.00,0,0,0.00,0.00,0.00,0,0,0.00,0.00,0,0
1578602946,s3-eth2,118918.00,4881136.00,5000054.00,4881136,118918,1607.00,3224.00,4831.00,3224,1607,0.00,0.00,0,0
1578602946,s3-eth1,4881136.00,119214.00,5000350.00,119214,4881136,3224.00,1611.00,4835.00,1611,3224,0.00,0.00,0,0
1578602946,total,15041546.00,15014664.00,30056210.00,15014664,15041546,14539.00,14526.00,29065.00,14526,14539,0.00,0.00,0,0
1578602947,s5,0.00,0.00,0.00,0,0,0.00,0.00,0.00,0,0,0.00,0.00,0,0
1578602947,s1,0.00,106.68,106.68,107,0,0.00,1.00,1.00,1,0,0.00,0.00,0,0
1578602947,eth0,0.00,0.00,0.00,0,0,0.00,0.00,0.00,0,0,0.00,0.00,0,0
1578602947,eth1,0.00,0.00,0.00,0,0,0.00,0.00,0.00,0,0,0.00,0.00,0,0
1578602947,s2,0.00,106.68,106.68,107,0,0.00,1.00,1.00,1,0,0.00,0.00,0,0
1578602947,s1-eth2,121325.02,4907399.00,5028724.00,4922121,121689,1639.08,3242.27,4881.36,3252,1644,0.00,0.00,0,0
1578602947,s1-eth1,4901361.00,120775.67,5022136.50,121138,4916065,3238.29,1632.10,4870.39,1637,3248,0.00,0.00,0,0
1578602947,s3,0.00,106.68,106.68,107,0,0.00,1.00,1.00,1,0,0.00,0.00,0,0
1578602947,s2-eth2,121029.91,4911820.50,5032850.50,4926556,121393,1635.09,3244.27,4879.36,3254,1640,0.00,0.00,0,0
1578602947,s2-eth1,4907399.00,121325.02,5028724.00,121689,4922121,3242.27,1639.08,4881.36,1644,3252,0.00,0.00,0,0
1578602947,lo,912.26,912.26,1824.53,915,915,8.97,8.97,17.95,9,9,0.00,0.00,0,0
1578602947,s4,0.00,0.00,0.00,0,0,0.00,0.00,0.00,0,0,0.00,0.00,0,0
1578602947,s3-eth2,120218.34,4914839.50,5035058.00,4929584,120579,1624.13,3246.26,4870.39,3256,1629,0.00,0.00,0,0
1578602947,s3-eth1,4911820.50,121029.91,5032850.50,121393,4926556,3244.27,1635.09,4879.36,1640,3254,0.00,0.00,0,0
1578602947,total,15084066.00,15098422.00,30182488.00,15143717,15129318,14632.10,14651.05,29283.15,14695,14676,0.00,0.00,0,0
1578602948,s5,0.00,0.00,0.00,0,0,0.00,0.00,0.00,0,0,0.00,0.00,0,0
1578602948,s1,0.00,107.00,107.00,107,0,0.00,1.00,1.00,1,0,0.00,0.00,0,0
1578602948,eth0,60.00,60.00,120.00,60,60,1.00,1.00,2.00,1,1,0.00,0.00,0,0
1578602948,eth1,0.00,0.00,0.00,0,0,0.00,0.00,0.00,0,0,0.00,0.00,0,0
1578602948,s2,0.00,107.00,107.00,107,0,0.00,1.00,1.00,1,0,0.00,0.00,0,0
1578602948,s1-eth2,121878.00,5044755.00,5166633.00,5044755,121878,1647.00,3333.00,4980.00,3333,1647,0.00,0.00,0,0
1578602948,s1-eth1,5044862.00,122174.00,5167036.00,122174,5044862,3334.00,1651.00,4985.00,1651,3334,0.00,0.00,0,0
1578602948,s3,0.00,107.00,107.00,107,0,0.00,1.00,1.00,1,0,0.00,0.00,0,0
1578602948,s2-eth2,122651.00,5041727.00,5164378.00,5041727,122651,1657.00,3331.00,4988.00,3331,1657,0.00,0.00,0,0
1578602948,s2-eth1,5044755.00,121878.00,5166633.00,121878,5044755,3333.00,1647.00,4980.00,1647,3333,0.00,0.00,0,0
1578602948,lo,915.00,915.00,1830.00,915,915,9.00,9.00,18.00,9,9,0.00,0.00,0,0
1578602948,s4,0.00,0.00,0.00,0,0,0.00,0.00,0.00,0,0,0.00,0.00,0,0
1578602948,s3-eth2,123572.00,5035564.00,5159136.00,5035564,123572,1669.00,3326.00,4995.00,3326,1669,0.00,0.00,0,0
1578602948,s3-eth1,5041727.00,122651.00,5164378.00,122651,5041727,3331.00,1657.00,4988.00,1657,3331,0.00,0.00,0,0
1578602948,total,15500420.00,15490045.00,30990464.00,15490045,15500420,14981.00,14958.00,29939.00,14958,14981,0.00,0.00,0,0
1578602949,s5,0.00,0.00,0.00,0,0,0.00,0.00,0.00,0,0,0.00,0.00,0,0
1578602949,s1,0.00,0.00,0.00,0,0,0.00,0.00,0.00,0,0,0.00,0.00,0,0
1578602949,eth0,160.00,160.00,320.00,160,160,2.00,2.00,4.00,2,2,0.00,0.00,0,0
1578602949,eth1,0.00,0.00,0.00,0,0,0.00,0.00,0.00,0,0,0.00,0.00,0,0
1578602949,s2,0.00,0.00,0.00,0,0,0.00,0.00,0.00,0,0,0.00,0.00,0,0
1578602949,s1-eth2,123062.00,5040106.00,5163168.00,5040106,123062,1663.00,3329.00,4992.00,3329,1663,0.00,0.00,0,0
1578602949,s1-eth1,5038592.00,123210.00,5161802.00,123210,5038592,3328.00,1665.00,4993.00,1665,3328,0.00,0.00,0,0
1578602949,s3,0.00,0.00,0.00,0,0,0.00,0.00,0.00,0,0,0.00,0.00,0,0
1578602949,s2-eth2,123062.00,5040106.00,5163168.00,5040106,123062,1663.00,3329.00,4992.00,3329,1663,0.00,0.00,0,0
1578602949,s2-eth1,5040106.00,123062.00,5163168.00,123062,5040106,3329.00,1663.00,4992.00,1663,3329,0.00,0.00,0,0
1578602949,lo,0.00,0.00,0.00,0,0,0.00,0.00,0.00,0,0,0.00,0.00,0,0
1578602949,s4,0.00,0.00,0.00,0,0,0.00,0.00,0.00,0,0,0.00,0.00,0,0
1578602949,s3-eth2,123136.00,5047676.00,5170812.00,5047676,123136,1664.00,3334.00,4998.00,3334,1664,0.00,0.00,0,0
1578602949,s3-eth1,5040106.00,123062.00,5163168.00,123062,5040106,3329.00,1663.00,4992.00,1663,3329,0.00,0.00,0,0
1578602949,total,15488224.00,15497382.00,30985606.00,15497382,15488224,14978.00,14985.00,29963.00,14985,14978,0.00,0.00,0,0
1578602950,s5,0.00,0.00,0.00,0,0,0.00,0.00,0.00,0,0,0.00,0.00,0,0
1578602950,s1,0.00,0.00,0.00,0,0,0.00,0.00,0.00,0,0,0.00,0.00,0,0
1578602950,eth0,0.00,0.00,0.00,0,0,0.00,0.00,0.00,0,0,0.00,0.00,0,0
1578602950,eth1,0.00,0.00,0.00,0,0,0.00,0.00,0.00,0,0,0.00,0.00,0,0
1578602950,s2,0.00,0.00,0.00,0,0,0.00,0.00,0.00,0,0,0.00,0.00,0,0
1578602950,s1-eth2,116550.00,4717624.00,4834174.00,4717624,116550,1575.00,3116.00,4691.00,3116,1575,0.00,0.00,0,0
1578602950,s1-eth1,4725536.00,115662.00,4841198.00,115662,4725536,3122.00,1563.00,4685.00,1563,3122,0.00,0.00,0,0
1578602950,s3,0.00,0.00,0.00,0,0,0.00,0.00,0.00,0,0,0.00,0.00,0,0
1578602950,s2-eth2,116846.00,4710054.00,4826900.00,4710054,116846,1579.00,3111.00,4690.00,3111,1579,0.00,0.00,0,0
1578602950,s2-eth1,4717624.00,116550.00,4834174.00,116550,4717624,3116.00,1575.00,4691.00,1575,3116,0.00,0.00,0,0
1578602950,lo,0.00,0.00,0.00,0,0,0.00,0.00,0.00,0,0,0.00,0.00,0,0
1578602950,s4,0.00,0.00,0.00,0,0,0.00,0.00,0.00,0,0,0.00,0.00,0,0
1578602950,s3-eth2,116448.00,4705512.00,4821960.00,4705512,116448,1570.00,3108.00,4678.00,3108,1570,0.00,0.00,0,0
1578602950,s3-eth1,4710054.00,116846.00,4826900.00,116846,4710054,3111.00,1579.00,4690.00,1579,3111,0.00,0.00,0,0
1578602950,total,14503058.00,14482248.00,28985306.00,14482248,14503058,14073.00,14052.00,28125.00,14052,14073,0.00,0.00,0,0
1578602951,s5,0.00,0.00,0.00,0,0,0.00,0.00,0.00,0,0,0.00,0.00,0,0
1578602951,s1,0.00,0.00,0.00,0,0,0.00,0.00,0.00,0,0,0.00,0.00,0,0
1578602951,eth0,0.00,0.00,0.00,0,0,0.00,0.00,0.00,0,0,0.00,0.00,0,0
1578602951,eth1,0.00,0.00,0.00,0,0,0.00,0.00,0.00,0,0,0.00,0.00,0,0
1578602951,s2,0.00,0.00,0.00,0,0,0.00,0.00,0.00,0,0,0.00,0.00,0,0
1578602951,s1-eth2,120768.00,4926556.00,5047324.00,4926556,120768,1632.00,3254.00,4886.00,3254,1632,0.00,0.00,0,0
1578602951,s1-eth1,4923528.00,120842.00,5044370.00,120842,4923528,3252.00,1633.00,4885.00,1633,3252,0.00,0.00,0,0
1578602951,s3,0.00,0.00,0.00,0,0,0.00,0.00,0.00,0,0,0.00,0.00,0,0
1578602951,s2-eth2,120324.00,4935640.00,5055964.00,4935640,120324,1626.00,3260.00,4886.00,3260,1626,0.00,0.00,0,0
1578602951,s2-eth1,4926556.00,120768.00,5047324.00,120768,4926556,3254.00,1632.00,4886.00,1632,3254,0.00,0.00,0,0
1578602951,lo,344.00,344.00,688.00,344,344,6.00,6.00,12.00,6,6,0.00,0.00,0,0
1578602951,s4,0.00,0.00,0.00,0,0,0.00,0.00,0.00,0,0,0.00,0.00,0,0
1578602951,s3-eth2,120694.00,4931098.00,5051792.00,4931098,120694,1631.00,3257.00,4888.00,3257,1631,0.00,0.00,0,0
1578602951,s3-eth1,4935640.00,120324.00,5055964.00,120324,4935640,3260.00,1626.00,4886.00,1626,3260,0.00,0.00,0,0
1578602951,total,15147854.00,15155572.00,30303426.00,15155572,15147854,14661.00,14668.00,29329.00,14668,14661,0.00,0.00,0,0
1578602952,s5,0.00,0.00,0.00,0,0,0.00,0.00,0.00,0,0,0.00,0.00,0,0
1578602952,s1,0.00,0.00,0.00,0,0,0.00,0.00,0.00,0,0,0.00,0.00,0,0
1578602952,eth0,0.00,0.00,0.00,0,0,0.00,0.00,0.00,0,0,0.00,0.00,0,0
1578602952,eth1,0.00,0.00,0.00,0,0,0.00,0.00,0.00,0,0,0.00,0.00,0,0
1578602952,s2,0.00,0.00,0.00,0,0,0.00,0.00,0.00,0,0,0.00,0.00,0,0
1578602952,s1-eth2,93442.56,3811468.75,3904911.25,3815280,93536,1262.74,2517.48,3780.22,2520,1264,0.00,0.00,0,0
1578602952,s1-eth1,3806931.25,93146.86,3900078.00,93240,3810738,2514.49,1258.74,3773.23,1260,2517,0.00,0.00,0,0
1578602952,s3,0.00,0.00,0.00,0,0,0.00,0.00,0.00,0,0,0.00,0.00,0,0
1578602952,s2-eth2,93812.19,3800881.25,3894693.50,3804682,93906,1267.73,2510.49,3778.22,2513,1269,0.00,0.00,0,0
1578602952,s2-eth1,3811468.75,93442.56,3904911.25,93536,3815280,2517.48,1262.74,3780.22,1264,2520,0.00,0.00,0,0
1578602952,lo,0.00,0.00,0.00,0,0,0.00,0.00,0.00,0,0,0.00,0.00,0,0
1578602952,s4,0.00,0.00,0.00,0,0,0.00,0.00,0.00,0,0,0.00,0.00,0,0
1578602952,s3-eth2,94033.97,3808443.75,3902477.75,3812252,94128,1270.73,2515.48,3786.21,2518,1272,0.00,0.00,0,0
1578602952,s3-eth1,3800881.25,93812.19,3894693.50,93906,3804682,2510.49,1267.73,3778.22,1269,2513,0.00,0.00,0,0
1578602952,total,11700570.00,11701195.00,23401764.00,11712896,11712270,11343.66,11332.67,22676.32,11344,11355,0.00,0.00,0,0
1578602953,s5,0.00,0.00,0.00,0,0,0.00,0.00,0.00,0,0,0.00,0.00,0,0
1578602953,s1,0.00,0.00,0.00,0,0,0.00,0.00,0.00,0,0,0.00,0.00,0,0
1578602953,eth0,0.00,0.00,0.00,0,0,0.00,0.00,0.00,0,0,0.00,0.00,0,0
1578602953,eth1,0.00,0.00,0.00,0,0,0.00,0.00,0.00,0,0,0.00,0.00,0,0
1578602953,s2,0.00,341.32,341.32,342,0,0.00,1.00,1.00,1,0,0.00,0.00,0,0
1578602953,s1-eth2,87117.77,3570441.25,3657559.00,3577582,87292,1173.65,2358.28,3531.94,2363,1176,0.00,0.00,0,0
1578602953,s1-eth1,3581018.00,87219.56,3668237.75,87394,3588180,2365.27,1178.64,3543.91,1181,2370,0.00,0.00,0,0
1578602953,s3,0.00,341.32,341.32,342,0,0.00,1.00,1.00,1,0,0.00,0.00,0,0
1578602953,s2-eth2,86748.51,3582529.00,3669277.50,3589694,86922,1168.66,2366.27,3534.93,2371,1171,0.00,0.00,0,0
1578602953,s2-eth1,3570441.25,87117.77,3657559.00,87292,3577582,2358.28,1173.65,3531.94,1176,2363,0.00,0.00,0,0
1578602953,lo,822.36,822.36,1644.71,824,824,8.98,8.98,17.96,9,9,0.00,0.00,0,0
1578602953,s4,0.00,0.00,0.00,0,0,0.00,0.00,0.00,0,0,0.00,0.00,0,0
1578602953,s3-eth2,86009.98,3606704.75,3692714.75,3613918,86182,1158.68,2382.24,3540.92,2387,1161,0.00,0.00,0,0
1578602953,s3-eth1,3582529.00,86748.51,3669277.50,86922,3589694,2366.27,1168.66,3534.93,1171,2371,0.00,0.00,0,0
1578602953,total,10994687.00,11022266.00,22016952.00,11044310,11016676,10599.80,10638.72,21238.52,10660,10621,0.00,0.00,0,0
1578602954,s5,0.00,0.00,0.00,0,0,0.00,0.00,0.00,0,0,0.00,0.00,0,0
1578602954,s1,0.00,341.66,341.66,342,0,0.00,1.00,1.00,1,0,0.00,0.00,0,0
1578602954,eth0,0.00,0.00,0.00,0,0,0.00,0.00,0.00,0,0,0.00,0.00,0,0
1578602954,eth1,0.00,0.00,0.00,0,0,0.00,0.00,0.00,0,0,0.00,0.00,0,0
1578602954,s2,0.00,341.66,341.66,342,0,0.00,1.00,1.00,1,0,0.00,0.00,0,0
1578602954,s1-eth2,104383.62,4316981.00,4421365.00,4321298,104488,1410.59,2852.15,4262.74,2855,1412,0.00,0.00,0,0
1578602954,s1-eth1,4307906.00,104753.25,4412659.50,104858,4312214,2846.15,1415.58,4261.74,1417,2849,0.00,0.00,0,0
1578602954,s3,0.00,0.00,0.00,0,0,0.00,0.00,0.00,0,0,0.00,0.00,0,0
1578602954,s2-eth2,104013.99,4338156.00,4442170.00,4342494,104118,1405.59,2866.13,4271.73,2869,1407,0.00,0.00,0,0
1578602954,s2-eth1,4316981.00,104383.62,4421365.00,104488,4321298,2852.15,1410.59,4262.74,1412,2855,0.00,0.00,0,0
1578602954,lo,651.35,651.35,1302.70,652,652,5.99,5.99,11.99,6,6,0.00,0.00,0,0
1578602954,s4,0.00,0.00,0.00,0,0,0.00,0.00,0.00,0,0,0.00,0.00,0,0
1578602954,s3-eth2,104457.55,4319664.50,4424122.00,4323984,104562,1411.59,2853.15,4264.74,2856,1413,0.00,0.00,0,0
1578602954,s3-eth1,4338156.00,104013.99,4442170.00,104118,4342494,2866.13,1405.59,4271.73,1407,2869,0.00,0.00,0,0
1578602954,total,13276550.00,13289287.00,26565836.00,13302576,13289826,12798.20,12811.19,25609.39,12824,12811,0.00,0.00,0,0
1578602955,s5,0.00,0.00,0.00,0,0,0.00,0.00,0.00,0,0,0.00,0.00,0,0
1578602955,s1,0.00,0.00,0.00,0,0,0.00,0.00,0.00,0,0,0.00,0.00,0,0
1578602955,eth0,160.00,160.00,320.00,160,160,2.00,2.00,4.00,2,2,0.00,0.00,0,0
1578602955,eth1,0.00,0.00,0.00,0,0,0.00,0.00,0.00,0,0,0.00,0.00,0,0
1578602955,s2,0.00,0.00,0.00,0,0,0.00,0.00,0.00,0,0,0.00,0.00,0,0
1578602955,s1-eth2,118178.00,4843286.00,4961464.00,4843286,118178,1597.00,3199.00,4796.00,3199,1597,0.00,0.00,0,0
1578602955,s1-eth1,4843286.00,118474.00,4961760.00,118474,4843286,3199.00,1601.00,4800.00,1601,3199,0.00,0.00,0,0
1578602955,s3,0.00,0.00,0.00,0,0,0.00,0.00,0.00,0,0,0.00,0.00,0,0
1578602955,s2-eth2,118178.00,4834202.00,4952380.00,4834202,118178,1597.00,3193.00,4790.00,3193,1597,0.00,0.00,0,0
1578602955,s2-eth1,4843286.00,118178.00,4961464.00,118178,4843286,3199.00,1597.00,4796.00,1597,3199,0.00,0.00,0,0
1578602955,lo,0.00,0.00,0.00,0,0,0.00,0.00,0.00,0,0,0.00,0.00,0,0
1578602955,s4,0.00,0.00,0.00,0,0,0.00,0.00,0.00,0,0,0.00,0.00,0,0
1578602955,s3-eth2,117660.00,4825118.00,4942778.00,4825118,117660,1590.00,3187.00,4777.00,3187,1590,0.00,0.00,0,0
1578602955,s3-eth1,4834202.00,118178.00,4952380.00,118178,4834202,3193.00,1597.00,4790.00,1597,3193,0.00,0.00,0,0
1578602955,total,14874950.00,14857596.00,29732546.00,14857596,14874950,14377.00,14376.00,28753.00,14376,14377,0.00,0.00,0,0
1578602956,s5,0.00,0.00,0.00,0,0,0.00,0.00,0.00,0,0,0.00,0.00,0,0
1578602956,s1,0.00,0.00,0.00,0,0,0.00,0.00,0.00,0,0,0.00,0.00,0,0
1578602956,eth0,0.00,0.00,0.00,0,0,0.00,0.00,0.00,0,0,0.00,0.00,0,0
1578602956,eth1,0.00,0.00,0.00,0,0,0.00,0.00,0.00,0,0,0.00,0.00,0,0
1578602956,s2,0.00,0.00,0.00,0,0,0.00,0.00,0.00,0,0,0.00,0.00,0,0
1578602956,s1-eth2,127206.00,5206646.00,5333852.00,5206646,127206,1719.00,3439.00,5158.00,3439,1719,0.00,0.00,0,0
1578602956,s1-eth1,5206646.00,127132.00,5333778.00,127132,5206646,3439.00,1718.00,5157.00,1718,3439,0.00,0.00,0,0
1578602956,s3,0.00,342.00,342.00,342,0,0.00,1.00,1.00,1,0,0.00,0.00,0,0
1578602956,s2-eth2,127400.00,5206646.00,5334046.00,5206646,127400,1718.00,3439.00,5157.00,3439,1718,0.00,0.00,0,0
1578602956,s2-eth1,5206646.00,127206.00,5333852.00,127206,5206646,3439.00,1719.00,5158.00,1719,3439,0.00,0.00,0,0
1578602956,lo,670.00,670.00,1340.00,670,670,9.00,9.00,18.00,9,9,0.00,0.00,0,0
1578602956,s4,0.00,0.00,0.00,0,0,0.00,0.00,0.00,0,0,0.00,0.00,0,0
1578602956,s3-eth2,127474.00,5206646.00,5334120.00,5206646,127474,1719.00,3439.00,5158.00,3439,1719,0.00,0.00,0,0
1578602956,s3-eth1,5206646.00,127400.00,5334046.00,127400,5206646,3439.00,1718.00,5157.00,1718,3439,0.00,0.00,0,0
1578602956,total,16002688.00,16002688.00,32005376.00,16002688,16002688,15482.00,15482.00,30964.00,15482,15482,0.00,0.00,0,0
1578602957,s5,0.00,0.00,0.00,0,0,0.00,0.00,0.00,0,0,0.00,0.00,0,0
1578602957,s1,0.00,0.00,0.00,0,0,0.00,0.00,0.00,0,0,0.00,0.00,0,0
1578602957,eth0,0.00,0.00,0.00,0,0,0.00,0.00,0.00,0,0,0.00,0.00,0,0
1578602957,eth1,0.00,0.00,0.00,0,0,0.00,0.00,0.00,0,0,0.00,0.00,0,0
1578602957,s2,0.00,0.00,0.00,0,0,0.00,0.00,0.00,0,0,0.00,0.00,0,0
1578602957,s1-eth2,125948.00,5123376.00,5249324.00,5123376,125948,1702.00,3384.00,5086.00,3384,1702,0.00,0.00,0,0
1578602957,s1-eth1,5118834.00,125578.00,5244412.00,125578,5118834,3381.00,1697.00,5078.00,1697,3381,0.00,0.00,0,0
1578602957,s3,0.00,0.00,0.00,0,0,0.00,0.00,0.00,0,0,0.00,0.00,0,0
1578602957,s2-eth2,126022.00,5117320.00,5243342.00,5117320,126022,1703.00,3380.00,5083.00,3380,1703,0.00,0.00,0,0
1578602957,s2-eth1,5123376.00,125948.00,5249324.00,125948,5123376,3384.00,1702.00,5086.00,1702,3384,0.00,0.00,0,0
1578602957,lo,0.00,0.00,0.00,0,0,0.00,0.00,0.00,0,0,0.00,0.00,0,0
1578602957,s4,0.00,0.00,0.00,0,0,0.00,0.00,0.00,0,0,0.00,0.00,0,0
1578602957,s3-eth2,125800.00,5115806.00,5241606.00,5115806,125800,1700.00,3379.00,5079.00,3379,1700,0.00,0.00,0,0
1578602957,s3-eth1,5117320.00,126022.00,5243342.00,126022,5117320,3380.00,1703.00,5083.00,1703,3380,0.00,0.00,0,0
1578602957,total,15737300.00,15734050.00,31471350.00,15734050,15737300,15250.00,15245.00,30495.00,15245,15250,0.00,0.00,0,0
1578602958,s5,0.00,0.00,0.00,0,0,0.00,0.00,0.00,0,0,0.00,0.00,0,0
1578602958,s1,0.00,0.00,0.00,0,0,0.00,0.00,0.00,0,0,0.00,0.00,0,0
1578602958,eth0,60.00,60.00,120.00,60,60,1.00,1.00,2.00,1,1,0.00,0.00,0,0
1578602958,eth1,0.00,0.00,0.00,0,0,0.00,0.00,0.00,0,0,0.00,0.00,0,0
1578602958,s2,0.00,0.00,0.00,0,0,0.00,0.00,0.00,0,0,0.00,0.00,0,0
1578602958,s1-eth2,122544.00,5041620.00,5164164.00,5041620,122544,1656.00,3330.00,4986.00,3330,1656,0.00,0.00,0,0
1578602958,s1-eth1,5049190.00,122914.00,5172104.00,122914,5049190,3335.00,1661.00,4996.00,1661,3335,0.00,0.00,0,0
1578602958,s3,0.00,0.00,0.00,0,0,0.00,0.00,0.00,0,0,0.00,0.00,0,0
1578602958,s2-eth2,122988.00,5046162.00,5169150.00,5046162,122988,1662.00,3333.00,4995.00,3333,1662,0.00,0.00,0,0
1578602958,s2-eth1,5041620.00,122544.00,5164164.00,122544,5041620,3330.00,1656.00,4986.00,1656,3330,0.00,0.00,0,0
1578602958,lo,344.00,344.00,688.00,344,344,6.00,6.00,12.00,6,6,0.00,0.00,0,0
1578602958,s4,0.00,0.00,0.00,0,0,0.00,0.00,0.00,0,0,0.00,0.00,0,0
1578602958,s3-eth2,123950.00,5044648.00,5168598.00,5044648,123950,1675.00,3332.00,5007.00,3332,1675,0.00,0.00,0,0
1578602958,s3-eth1,5046162.00,122988.00,5169150.00,122988,5046162,3333.00,1662.00,4995.00,1662,3333,0.00,0.00,0,0
1578602958,total,15506858.00,15501280.00,31008138.00,15501280,15506858,14998.00,14981.00,29979.00,14981,14998,0.00,0.00,0,0
1578602959,s5,0.00,0.00,0.00,0,0,0.00,0.00,0.00,0,0,0.00,0.00,0,0
1578602959,s1,0.00,0.00,0.00,0,0,0.00,0.00,0.00,0,0,0.00,0.00,0,0
1578602959,eth0,0.00,0.00,0.00,0,0,0.00,0.00,0.00,0,0,0.00,0.00,0,0
1578602959,eth1,0.00,0.00,0.00,0,0,0.00,0.00,0.00,0,0,0.00,0.00,0,0
1578602959,s2,0.00,0.00,0.00,0,0,0.00,0.00,0.00,0,0,0.00,0.00,0,0
1578602959,s1-eth2,127354.00,5174852.00,5302206.00,5174852,127354,1721.00,3418.00,5139.00,3418,1721,0.00,0.00,0,0
1578602959,s1-eth1,5167282.00,126984.00,5294266.00,126984,5167282,3413.00,1716.00,5129.00,1716,3413,0.00,0.00,0,0
1578602959,s3,0.00,0.00,0.00,0,0,0.00,0.00,0.00,0,0,0.00,0.00,0,0
1578602959,s2-eth2,127354.00,5164254.00,5291608.00,5164254,127354,1721.00,3411.00,5132.00,3411,1721,0.00,0.00,0,0
1578602959,s2-eth1,5174852.00,127354.00,5302206.00,127354,5174852,3418.00,1721.00,5139.00,1721,3418,0.00,0.00,0,0
1578602959,lo,0.00,0.00,0.00,0,0,0.00,0.00,0.00,0,0,0.00,0.00,0,0
1578602959,s4,0.00,0.00,0.00,0,0,0.00,0.00,0.00,0,0,0.00,0.00,0,0
1578602959,s3-eth2,126540.00,5168796.00,5295336.00,5168796,126540,1710.00,3414.00,5124.00,3414,1710,0.00,0.00,0,0
1578602959,s3-eth1,5165768.00,127502.00,5293270.00,127502,5165768,3412.00,1723.00,5135.00,1723,3412,0.00,0.00,0,0
1578602959,total,15889150.00,15889742.00,31778892.00,15889742,15889150,15395.00,15403.00,30798.00,15403,15395,0.00,0.00,0,0
1578602960,s5,0.00,0.00,0.00,0,0,0.00,0.00,0.00,0,0,0.00,0.00,0,0
1578602960,s1,0.00,0.00,0.00,0,0,0.00,0.00,0.00,0,0,0.00,0.00,0,0
1578602960,eth0,0.00,0.00,0.00,0,0,0.00,0.00,0.00,0,0,0.00,0.00,0,0
1578602960,eth1,0.00,0.00,0.00,0,0,0.00,0.00,0.00,0,0,0.00,0.00,0,0
1578602960,s2,0.00,0.00,0.00,0,0,0.00,0.00,0.00,0,0,0.00,0.00,0,0
1578602960,s1-eth2,121064.00,4925042.00,5046106.00,4925042,121064,1636.00,3253.00,4889.00,3253,1636,0.00,0.00,0,0
1578602960,s1-eth1,4935640.00,120916.00,5056556.00,120916,4935640,3260.00,1634.00,4894.00,1634,3260,0.00,0.00,0,0
1578602960,s3,0.00,0.00,0.00,0,0,0.00,0.00,0.00,0,0,0.00,0.00,0,0
1578602960,s2-eth2,120472.00,4920500.00,5040972.00,4920500,120472,1628.00,3250.00,4878.00,3250,1628,0.00,0.00,0,0
1578602960,s2-eth1,4925042.00,121064.00,5046106.00,121064,4925042,3253.00,1636.00,4889.00,1636,3253,0.00,0.00,0,0
1578602960,lo,0.00,0.00,0.00,0,0,0.00,0.00,0.00,0,0,0.00,0.00,0,0
1578602960,s4,0.00,0.00,0.00,0,0,0.00,0.00,0.00,0,0,0.00,0.00,0,0
1578602960,s3-eth2,120398.00,4917472.00,5037870.00,4917472,120398,1627.00,3248.00,4875.00,3248,1627,0.00,0.00,0,0
1578602960,s3-eth1,4918986.00,120324.00,5039310.00,120324,4918986,3249.00,1626.00,4875.00,1626,3249,0.00,0.00,0,0
1578602960,total,15141602.00,15125318.00,30266920.00,15125318,15141602,14653.00,14647.00,29300.00,14647,14653,0.00,0.00,0,0
1578602961,s5,0.00,0.00,0.00,0,0,0.00,0.00,0.00,0,0,0.00,0.00,0,0
1578602961,s1,0.00,0.00,0.00,0,0,0.00,0.00,0.00,0,0,0.00,0.00,0,0
1578602961,eth0,160.00,160.00,320.00,160,160,2.00,2.00,4.00,2,2,0.00,0.00,0,0
1578602961,eth1,0.00,0.00,0.00,0,0,0.00,0.00,0.00,0,0,0.00,0.00,0,0
1578602961,s2,0.00,0.00,0.00,0,0,0.00,0.00,0.00,0,0,0.00,0.00,0,0
1578602961,s1-eth2,119362.00,4879622.00,4998984.00,4879622,119362,1613.00,3223.00,4836.00,3223,1613,0.00,0.00,0,0
1578602961,s1-eth1,4878108.00,118992.00,4997100.00,118992,4878108,3222.00,1608.00,4830.00,1608,3222,0.00,0.00,0,0
1578602961,s3,0.00,0.00,0.00,0,0,0.00,0.00,0.00,0,0,0.00,0.00,0,0
1578602961,s2-eth2,119584.00,4879622.00,4999206.00,4879622,119584,1616.00,3223.00,4839.00,3223,1616,0.00,0.00,0,0
1578602961,s2-eth1,4879622.00,119362.00,4998984.00,119362,4879622,3223.00,1613.00,4836.00,1613,3223,0.00,0.00,0,0
1578602961,lo,516.00,516.00,1032.00,516,516,9.00,9.00,18.00,9,9,0.00,0.00,0,0
1578602961,s4,0.00,0.00,0.00,0,0,0.00,0.00,0.00,0,0,0.00,0.00,0,0
1578602961,s3-eth2,119732.00,4879622.00,4999354.00,4879622,119732,1618.00,3223.00,4841.00,3223,1618,0.00,0.00,0,0
1578602961,s3-eth1,4879622.00,119584.00,4999206.00,119584,4879622,3223.00,1616.00,4839.00,1616,3223,0.00,0.00,0,0
1578602961,total,14996706.00,14997480.00,29994186.00,14997480,14996706,14526.00,14517.00,29043.00,14517,14526,0.00,0.00,0,0
1578602962,s5,0.00,0.00,0.00,0,0,0.00,0.00,0.00,0,0,0.00,0.00,0,0
1578602962,s1,0.00,0.00,0.00,0,0,0.00,0.00,0.00,0,0,0.00,0.00,0,0
1578602962,eth0,0.00,0.00,0.00,0,0,0.00,0.00,0.00,0,0,0.00,0.00,0,0
1578602962,eth1,0.00,0.00,0.00,0,0,0.00,0.00,0.00,0,0,0.00,0.00,0,0
1578602962,s2,0.00,0.00,0.00,0,0,0.00,0.00,0.00,0,0,0.00,0.00,0,0
1578602962,s1-eth2,115250.75,4752236.00,4867486.50,4756988,115366,1557.44,3138.86,4696.30,3142,1559,0.00,0.00,0,0
1578602962,s1-eth1,4746186.00,115916.09,4862102.00,116032,4750932,3134.87,1566.43,4701.30,1568,3138,0.00,0.00,0,0
1578602962,s3,0.00,0.00,0.00,0,0,0.00,0.00,0.00,0,0,0.00,0.00,0,0
1578602962,s2-eth2,116137.87,4750723.50,4866861.50,4755474,116254,1569.43,3137.86,4707.29,3141,1571,0.00,0.00,0,0
1578602962,s2-eth1,4752236.00,115250.75,4867486.50,115366,4756988,3138.86,1557.44,4696.30,1559,3142,0.00,0.00,0,0
1578602962,lo,0.00,0.00,0.00,0,0,0.00,0.00,0.00,0,0,0.00,0.00,0,0
1578602962,s4,0.00,0.00,0.00,0,0,0.00,0.00,0.00,0,0,0.00,0.00,0,0
1578602962,s3-eth2,116729.27,4749211.00,4865940.00,4753960,116846,1577.42,3136.86,4714.29,3140,1579,0.00,0.00,0,0
1578602962,s3-eth1,4750723.50,116137.87,4866861.50,116254,4755474,3137.86,1569.43,4707.29,1571,3141,0.00,0.00,0,0
1578602962,total,14597263.00,14599475.00,29196738.00,14614074,14611860,14115.88,14106.89,28222.78,14121,14130,0.00,0.00,0,0
1578602963,s5,0.00,0.00,0.00,0,0,0.00,0.00,0.00,0,0,0.00,0.00,0,0
1578602963,s1,0.00,747.76,747.76,750,0,0.00,4.99,4.99,5,0,0.00,0.00,0,0
1578602963,eth0,1515.45,1834.50,3349.95,1840,1520,19.94,19.94,39.88,20,20,0.00,0.00,0,0
1578602963,eth1,0.00,0.00,0.00,0,0,0.00,0.00,0.00,0,0,0.00,0.00,0,0
1578602963,s2,0.00,901.30,901.30,904,0,0.00,3.99,3.99,4,0,0.00,0.00,0,0
1578602963,s1-eth2,100789.63,4026508.50,4127298.25,4038588,101092,1357.93,2664.01,4021.93,2672,1362,0.00,0.00,0,0
1578602963,s1-eth1,4049601.25,99601.20,4149202.50,99900,4061750,2680.96,1345.96,4026.92,1350,2689,0.00,0.00,0,0
1578602963,s3,0.00,1088.73,1088.73,1092,0,0.00,5.98,5.98,6,0,0.00,0.00,0,0
1578602963,s2-eth2,101427.72,4023192.50,4124620.25,4035262,101732,1361.91,2659.02,4020.94,2667,1366,0.00,0.00,0,0
1578602963,s2-eth1,4026508.50,100789.63,4127298.25,101092,4038588,2664.01,1357.93,4021.93,1362,2672,0.00,0.00,0,0
1578602963,lo,7611.17,7611.17,15222.33,7634,7634,87.74,87.74,175.47,88,88,0.00,0.00,0,0
1578602963,s4,0.00,0.00,0.00,0,0,0.00,0.00,0.00,0,0,0.00,0.00,0,0
1578602963,s3-eth2,101575.27,4016704.00,4118279.25,4028754,101880,1363.91,2653.04,4016.95,2661,1368,0.00,0.00,0,0
1578602963,s3-eth1,4023192.50,101427.72,4124620.25,101732,4035262,2659.02,1361.91,4020.94,1366,2667,0.00,0.00,0,0
1578602963,total,12412221.00,12380407.00,24792628.00,12417548,12449458,12195.41,12164.51,24359.92,12201,12232,0.00,0.00,0,0
1578602964,s5,0.00,0.00,0.00,0,0,0.00,0.00,0.00,0,0,0.00,0.00,0,0
1578602964,s1,0.00,885.23,885.23,887,0,0.00,6.99,6.99,7,0,0.00,0.00,0,0
1578602964,eth0,1276.45,1798.40,3074.85,1802,1279,12.97,12.97,25.95,13,13,0.00,0.00,0,0
1578602964,eth1,0.00,0.00,0.00,0,0,0.00,0.00,0.00,0,0,0.00,0.00,0,0
1578602964,s2,0.00,375.25,375.25,376,0,0.00,3.99,3.99,4,0,0.00,0.00,0,0
1578602964,s1-eth2,111556.89,4604835.50,4716392.50,4614045,111780,1506.99,3047.90,4554.89,3054,1510,0.00,0.00,0,0
1578602964,s1-eth1,4598979.00,112107.79,4711087.00,112332,4608177,3045.91,1514.97,4560.88,1518,3052,0.00,0.00,0,0
1578602964,s3,0.00,437.13,437.13,438,0,0.00,4.99,4.99,5,0,0.00,0.00,0,0
1578602964,s2-eth2,110846.31,4602627.00,4713473.00,4611832,111068,1497.01,3041.92,4538.92,3048,1500,0.00,0.00,0,0
1578602964,s2-eth1,4604835.50,111556.89,4716392.50,111780,4614045,3047.90,1506.99,4554.89,1510,3054,0.00,0.00,0,0
1578602964,lo,6278.44,6278.44,12556.89,6291,6291,65.87,65.87,131.74,66,66,0.00,0.00,0,0
1578602964,s4,0.00,0.00,0.00,0,0,0.00,0.00,0.00,0,0,0.00,0.00,0,0
1578602964,s3-eth2,110632.73,4609994.00,4720627.00,4619214,110854,1490.02,3044.91,4534.93,3051,1493,0.00,0.00,0,0
1578602964,s3-eth1,4602627.00,110846.31,4713473.00,111068,4611832,3041.92,1497.01,4538.92,1500,3048,0.00,0.00,0,0
1578602964,total,14147032.00,14161742.00,28308776.00,14190065,14175326,13708.58,13748.50,27457.09,13776,13736,0.00,0.00,0,0
1578602965,s5,0.00,0.00,0.00,0,0,0.00,0.00,0.00,0,0,0.00,0.00,0,0
1578602965,s1,0.00,3200.00,3200.00,3200,0,0.00,16.00,16.00,16,0,0.00,0.00,0,0
1578602965,eth0,1094.00,1659.00,2753.00,1659,1094,11.00,11.00,22.00,11,11,0.00,0.00,0,0
1578602965,eth1,0.00,0.00,0.00,0,0,0.00,0.00,0.00,0,0,0.00,0.00,0,0
1578602965,s2,0.00,2413.00,2413.00,2413,0,0.00,16.00,16.00,16,0,0.00,0.00,0,0
1578602965,s1-eth2,118269.00,4822262.00,4940531.00,4822262,118269,1592.00,3199.00,4791.00,3199,1592,0.00,0.00,0,0
1578602965,s1-eth1,4817550.00,116772.00,4934322.00,116772,4817550,3203.00,1578.00,4781.00,1578,3203,0.00,0.00,0,0
1578602965,s3,0.00,2835.00,2835.00,2835,0,0.00,15.00,15.00,15,0,0.00,0.00,0,0
1578602965,s2-eth2,120791.00,4823524.00,4944315.00,4823524,120791,1609.00,3194.00,4803.00,3194,1609,0.00,0.00,0,0
1578602965,s2-eth1,4822262.00,118269.00,4940531.00,118269,4822262,3199.00,1592.00,4791.00,1592,3199,0.00,0.00,0,0
1578602965,lo,15506.00,15506.00,31012.00,15506,15506,150.00,150.00,300.00,150,150,0.00,0.00,0,0
1578602965,s4,0.00,0.00,0.00,0,0,0.00,0.00,0.00,0,0,0.00,0.00,0,0
1578602965,s3-eth2,120979.00,4813006.00,4933985.00,4813006,120979,1611.00,3179.00,4790.00,3179,1611,0.00,0.00,0,0
1578602965,s3-eth1,4823524.00,120791.00,4944315.00,120791,4823524,3194.00,1609.00,4803.00,1609,3194,0.00,0.00,0,0
1578602965,total,14839975.00,14840237.00,29680212.00,14840237,14839975,14569.00,14559.00,29128.00,14559,14569,0.00,0.00,0,0
1578602966,s5,0.00,0.00,0.00,0,0,0.00,0.00,0.00,0,0,0.00,0.00,0,0
1578602966,s1,0.00,1565.30,1565.30,1570,0,0.00,6.98,6.98,7,0,0.00,0.00,0,0
1578602966,eth0,463.61,491.53,955.13,493,465,5.98,5.98,11.96,6,6,0.00,0.00,0,0
1578602966,eth1,0.00,0.00,0.00,0,0,0.00,0.00,0.00,0,0,0.00,0.00,0,0
1578602966,s2,0.00,2720.84,2720.84,2729,0,0.00,10.97,10.97,11,0,0.00,0.00,0,0
1578602966,s1-eth2,123492.52,4931499.50,5054992.00,4946294,123863,1652.04,3263.21,4915.25,3273,1657,0.00,0.00,0,0
1578602966,s1-eth1,4928024.00,121218.34,5049242.50,121582,4942808,3265.20,1638.09,4903.29,1643,3275,0.00,0.00,0,0
1578602966,s3,0.00,2376.87,2376.87,2384,0,0.00,9.97,9.97,10,0,0.00,0.00,0,0
1578602966,s2-eth2,123373.88,4932407.00,5055780.50,4947204,123744,1645.06,3261.22,4906.28,3271,1650,0.00,0.00,0,0
1578602966,s2-eth1,4931499.50,123492.52,5054992.00,123863,4946294,3263.21,1652.04,4915.25,1657,3273,0.00,0.00,0,0
1578602966,lo,9440.68,9440.68,18881.36,9469,9469,91.72,91.72,183.45,92,92,0.00,0.00,0,0
1578602966,s4,0.00,0.00,0.00,0,0,0.00,0.00,0.00,0,0,0.00,0.00,0,0
1578602966,s3-eth2,124964.11,4938991.00,5063955.00,4953808,125339,1653.04,3262.21,4915.25,3272,1658,0.00,0.00,0,0
1578602966,s3-eth1,4932407.00,123373.88,5055780.50,123744,4947204,3261.22,1645.06,4906.28,1650,3271,0.00,0.00,0,0
1578602966,total,15173665.00,15187577.00,30361242.00,15233140,15219186,14837.49,14847.46,29684.95,14892,14882,0.00,0.00,0,0
1578602967,s5,0.00,0.00,0.00,0,0,0.00,0.00,0.00,0,0,0.00,0.00,0,0
1578602967,s1,0.00,1118.00,1118.00,1118,0,0.00,4.00,4.00,4,0,0.00,0.00,0,0
1578602967,eth0,883.00,1345.00,2228.00,1345,883,8.00,8.00,16.00,8,8,0.00,0.00,0,0
1578602967,eth1,0.00,0.00,0.00,0,0,0.00,0.00,0.00,0,0,0.00,0.00,0,0
1578602967,s2,0.00,996.00,996.00,996,0,0.00,3.00,3.00,3,0,0.00,0.00,0,0
1578602967,s1-eth2,121909.00,5074532.00,5196441.00,5074532,121909,1644.00,3355.00,4999.00,3355,1644,0.00,0.00,0,0
1578602967,s1-eth1,5072173.00,122914.00,5195087.00,122914,5072173,3355.00,1661.00,5016.00,1661,3355,0.00,0.00,0,0
1578602967,s3,0.00,669.00,669.00,669,0,0.00,2.00,2.00,2,0,0.00,0.00,0,0
1578602967,s2-eth2,122325.00,5077111.00,5199436.00,5077111,122325,1646.00,3355.00,5001.00,3355,1646,0.00,0.00,0,0
1578602967,s2-eth1,5074532.00,121909.00,5196441.00,121909,5074532,3355.00,1644.00,4999.00,1644,3355,0.00,0.00,0,0
1578602967,lo,3815.18,3815.18,7630.37,3819,3819,34.97,34.97,69.93,35,35,0.00,0.00,0,0
1578602967,s4,0.00,0.00,0.00,0,0,0.00,0.00,0.00,0,0,0.00,0.00,0,0
1578602967,s3-eth2,122859.14,5071371.00,5194230.00,5076442,122982,1647.35,3349.65,4997.00,3353,1649,0.00,0.00,0,0
1578602967,s3-eth1,5072039.00,122202.80,5194242.00,122325,5077111,3351.65,1644.36,4996.00,1646,3355,0.00,0.00,0,0
1578602967,total,15580154.00,15587593.00,31167748.00,15603180,15595734,15031.97,15050.95,30082.92,15066,15047,0.00,0.00,0,0
1578602968,s5,0.00,0.00,0.00,0,0,0.00,0.00,0.00,0,0,0.00,0.00,0,0
1578602968,s1,0.00,1036.96,1036.96,1038,0,0.00,5.00,5.00,5,0,0.00,0.00,0,0
1578602968,eth0,2310.69,5122.88,7433.57,5128,2313,10.99,13.99,24.98,14,11,0.00,0.00,0,0
1578602968,eth1,0.00,0.00,0.00,0,0,0.00,0.00,0.00,0,0,0.00,0.00,0,0
1578602968,s2,0.00,480.52,480.52,481,0,0.00,3.00,3.00,3,0,0.00,0.00,0,0
1578602968,s1-eth2,113773.23,4617191.00,4730964.00,4621808,113887,1537.46,3054.95,4592.41,3058,1539,0.00,0.00,0,0
1578602968,s1-eth1,4617564.50,113148.85,4730713.50,113262,4622182,3056.94,1529.47,4586.41,1531,3060,0.00,0.00,0,0
1578602968,s3,0.00,550.45,550.45,551,0,0.00,4.00,4.00,4,0,0.00,0.00,0,0
1578602968,s2-eth2,114586.41,4604427.50,4719014.00,4609032,114701,1545.45,3043.96,4589.41,3047,1547,0.00,0.00,0,0
1578602968,s2-eth1,4617191.00,113773.23,4730964.00,113887,4621808,3054.95,1537.46,4592.41,1539,3058,0.00,0.00,0,0
1578602968,lo,5128.00,5128.00,10256.00,5128,5128,49.00,49.00,98.00,49,49,0.00,0.00,0,0
1578602968,s4,0.00,0.00,0.00,0,0,0.00,0.00,0.00,0,0,0.00,0.00,0,0
1578602968,s3-eth2,115666.00,4607144.00,4722810.00,4607144,115666,1553.00,3044.00,4597.00,3044,1553,0.00,0.00,0,0
1578602968,s3-eth1,4609032.00,114701.00,4723733.00,114701,4609032,3047.00,1547.00,4594.00,1547,3047,0.00,0.00,0,0
1578602968,total,14204717.00,14192160.00,28396876.00,14192160,14204717,13864.00,13841.00,27705.00,13841,13864,0.00,0.00,0,0
1578602969,s5,0.00,0.00,0.00,0,0,0.00,0.00,0.00,0,0,0.00,0.00,0,0
1578602969,s1,0.00,397.00,397.00,397,0,0.00,2.00,2.00,2,0,0.00,0.00,0,0
1578602969,eth0,2054.00,4661.00,6715.00,4661,2054,9.00,10.00,19.00,10,9,0.00,0.00,0,0
1578602969,eth1,0.00,0.00,0.00,0,0,0.00,0.00,0.00,0,0,0.00,0.00,0,0
1578602969,s2,0.00,1061.00,1061.00,1061,0,0.00,5.00,5.00,5,0,0.00,0.00,0,0
1578602969,s1-eth2,111220.00,4506061.00,4617281.00,4506061,111220,1497.00,2978.00,4475.00,2978,1497,0.00,0.00,0,0
1578602969,s1-eth1,4504944.00,110260.00,4615204.00,110260,4504944,2979.00,1490.00,4469.00,1490,2979,0.00,0.00,0,0
1578602969,s3,0.00,991.00,991.00,991,0,0.00,4.00,4.00,4,0,0.00,0.00,0,0
1578602969,s2-eth2,111103.00,4506061.00,4617164.00,4506061,111103,1492.00,2978.00,4470.00,2978,1492,0.00,0.00,0,0
1578602969,s2-eth1,4506061.00,111220.00,4617281.00,111220,4506061,2978.00,1497.00,4475.00,1497,2978,0.00,0.00,0,0
1578602969,lo,3984.00,3984.00,7968.00,3984,3984,37.00,37.00,74.00,37,37,0.00,0.00,0,0
1578602969,s4,0.00,0.00,0.00,0,0,0.00,0.00,0.00,0,0,0.00,0.00,0,0
1578602969,s3-eth2,111033.00,4498094.00,4609127.00,4498094,111033,1488.00,2971.00,4459.00,2971,1488,0.00,0.00,0,0
1578602969,s3-eth1,4506061.00,111103.00,4617164.00,111103,4506061,2978.00,1492.00,4470.00,1492,2978,0.00,0.00,0,0
1578602969,total,13856460.00,13853893.00,27710352.00,13853893,13856460,13458.00,13464.00,26922.00,13464,13458,0.00,0.00,0,0
1578602970,s5,0.00,0.00,0.00,0,0,0.00,0.00,0.00,0,0,0.00,0.00,0,0
1578602970,s1,0.00,0.00,0.00,0,0,0.00,0.00,0.00,0,0,0.00,0.00,0,0
1578602970,eth0,145.00,548.00,693.00,548,145,2.00,4.00,6.00,4,2,0.00,0.00,0,0
1578602970,eth1,0.00,0.00,0.00,0,0,0.00,0.00,0.00,0,0,0.00,0.00,0,0
1578602970,s2,0.00,0.00,0.00,0,0,0.00,0.00,0.00,0,0,0.00,0.00,0,0
1578602970,s1-eth2,124986.00,5102180.00,5227166.00,5102180,124986,1689.00,3370.00,5059.00,3370,1689,0.00,0.00,0,0
1578602970,s1-eth1,5108236.00,125208.00,5233444.00,125208,5108236,3374.00,1692.00,5066.00,1692,3374,0.00,0.00,0,0
1578602970,s3,0.00,0.00,0.00,0,0,0.00,0.00,0.00,0,0,0.00,0.00,0,0
1578602970,s2-eth2,124986.00,5111264.00,5236250.00,5111264,124986,1689.00,3376.00,5065.00,3376,1689,0.00,0.00,0,0
1578602970,s2-eth1,5102180.00,124986.00,5227166.00,124986,5102180,3370.00,1689.00,5059.00,1689,3370,0.00,0.00,0,0
1578602970,lo,0.00,0.00,0.00,0,0,0.00,0.00,0.00,0,0,0.00,0.00,0,0
1578602970,s4,0.00,0.00,0.00,0,0,0.00,0.00,0.00,0,0,0.00,0.00,0,0
1578602970,s3-eth2,125383.00,5118834.00,5244217.00,5118834,125383,1691.00,3381.00,5072.00,3381,1691,0.00,0.00,0,0
1578602970,s3-eth1,5111264.00,124986.00,5236250.00,124986,5111264,3376.00,1689.00,5065.00,1689,3376,0.00,0.00,0,0
1578602970,total,15697180.00,15708006.00,31405186.00,15708006,15697180,15191.00,15201.00,30392.00,15201,15191,0.00,0.00,0,0
1578602971,s5,0.00,0.00,0.00,0,0,0.00,0.00,0.00,0,0,0.00,0.00,0,0
1578602971,s1,0.00,107.00,107.00,107,0,0.00,1.00,1.00,1,0,0.00,0.00,0,0
1578602971,eth0,0.00,0.00,0.00,0,0,0.00,0.00,0.00,0,0,0.00,0.00,0,0
1578602971,eth1,0.00,0.00,0.00,0,0,0.00,0.00,0.00,0,0,0.00,0.00,0,0
1578602971,s2,0.00,0.00,0.00,0,0,0.00,0.00,0.00,0,0,0.00,0.00,0,0
1578602971,s1-eth2,127724.00,5270341.00,5398065.00,5270341,127724,1726.00,3482.00,5208.00,3482,1726,0.00,0.00,0,0
1578602971,s1-eth1,5267655.00,127872.00,5395527.00,127872,5267655,3481.00,1728.00,5209.00,1728,3481,0.00,0.00,0,0
1578602971,s3,0.00,342.00,342.00,342,0,0.00,1.00,1.00,1,0,0.00,0.00,0,0
1578602971,s2-eth2,128658.00,5274776.00,5403434.00,5274776,128658,1735.00,3484.00,5219.00,3484,1735,0.00,0.00,0,0
1578602971,s2-eth1,5270341.00,127724.00,5398065.00,127724,5270341,3482.00,1726.00,5208.00,1726,3482,0.00,0.00,0,0
1578602971,lo,975.00,975.00,1950.00,975,975,12.00,12.00,24.00,12,12,0.00,0.00,0,0
1578602971,s4,0.00,0.00,0.00,0,0,0.00,0.00,0.00,0,0,0.00,0.00,0,0
1578602971,s3-eth2,129296.00,5276290.00,5405586.00,5276290,129296,1740.00,3485.00,5225.00,3485,1740,0.00,0.00,0,0
1578602971,s3-eth1,5274776.00,128658.00,5403434.00,128658,5274776,3484.00,1735.00,5219.00,1735,3484,0.00,0.00,0,0
1578602971,total,16199425.00,16207085.00,32406510.00,16207085,16199425,15660.00,15654.00,31314.00,15654,15660,0.00,0.00,0,0
1578602972,s5,0.00,0.00,0.00,0,0,0.00,0.00,0.00,0,0,0.00,0.00,0,0
1578602972,s1,0.00,519.00,519.00,519,0,0.00,3.00,3.00,3,0,0.00,0.00,0,0
1578602972,eth0,160.00,160.00,320.00,160,160,2.00,2.00,4.00,2,2,0.00,0.00,0,0
1578602972,eth1,0.00,0.00,0.00,0,0,0.00,0.00,0.00,0,0,0.00,0.00,0,0
1578602972,s2,0.00,556.00,556.00,556,0,0.00,3.00,3.00,3,0,0.00,0.00,0,0
1578602972,s1-eth2,123835.00,5019429.00,5143264.00,5019429,123835,1673.00,3318.00,4991.00,3318,1673,0.00,0.00,0,0
1578602972,s1-eth1,5011966.00,123136.00,5135102.00,123136,5011966,3314.00,1664.00,4978.00,1664,3314,0.00,0.00,0,0
1578602972,s3,0.00,284.00,284.00,284,0,0.00,3.00,3.00,3,0,0.00,0.00,0,0
1578602972,s2-eth2,123420.00,5017845.00,5141265.00,5017845,123420,1667.00,3316.00,4983.00,3316,1667,0.00,0.00,0,0
1578602972,s2-eth1,5019429.00,123835.00,5143264.00,123835,5019429,3318.00,1673.00,4991.00,1673,3318,0.00,0.00,0,0
1578602972,lo,2713.00,2713.00,5426.00,2713,2713,27.00,27.00,54.00,27,27,0.00,0.00,0,0
1578602972,s4,0.00,0.00,0.00,0,0,0.00,0.00,0.00,0,0,0.00,0.00,0,0
1578602972,s3-eth2,123124.00,5029508.00,5152632.00,5029508,123124,1663.00,3322.00,4985.00,3322,1663,0.00,0.00,0,0
1578602972,s3-eth1,5017845.00,123420.00,5141265.00,123420,5017845,3316.00,1667.00,4983.00,1667,3316,0.00,0.00,0,0
1578602972,total,15422492.00,15441405.00,30863896.00,15441405,15422492,14980.00,14998.00,29978.00,14998,14980,0.00,0.00,0,0
1578602973,s5,0.00,0.00,0.00,0,0,0.00,0.00,0.00,0,0,0.00,0.00,0,0
1578602973,s1,0.00,70.00,70.00,70,0,0.00,1.00,1.00,1,0,0.00,0.00,0,0
1578602973,eth0,0.00,0.00,0.00,0,0,0.00,0.00,0.00,0,0,0.00,0.00,0,0
1578602973,eth1,0.00,183.00,183.00,183,0,0.00,1.00,1.00,1,0,0.00,0.00,0,0
1578602973,s2,0.00,482.00,482.00,482,0,0.00,3.00,3.00,3,0,0.00,0.00,0,0
1578602973,s1-eth2,115334.00,4752516.00,4867850.00,4752516,115334,1555.00,3140.00,4695.00,3140,1555,0.00,0.00,0,0
1578602973,s1-eth1,4757128.00,115440.00,4872568.00,115440,4757128,3144.00,1560.00,4704.00,1560,3144,0.00,0.00,0,0
1578602973,s3,0.00,412.00,412.00,412,0,0.00,2.00,2.00,2,0,0.00,0.00,0,0
1578602973,s2-eth2,116222.00,4760086.00,4876308.00,4760086,116222,1567.00,3145.00,4712.00,3145,1567,0.00,0.00,0,0
1578602973,s2-eth1,4752516.00,115334.00,4867850.00,115334,4752516,3140.00,1555.00,4695.00,1555,3140,0.00,0.00,0,0
1578602973,lo,1724.00,1724.00,3448.00,1724,1724,18.00,18.00,36.00,18,18,0.00,0.00,0,0
1578602973,s4,0.00,0.00,0.00,0,0,0.00,0.00,0.00,0,0,0.00,0.00,0,0
1578602973,s3-eth2,117217.00,4773642.00,4890859.00,4773642,117217,1580.00,3153.00,4733.00,3153,1580,0.00,0.00,0,0
1578602973,s3-eth1,4760086.00,116222.00,4876308.00,116222,4760086,3145.00,1567.00,4712.00,1567,3145,0.00,0.00,0,0
1578602973,total,14620227.00,14636111.00,29256338.00,14636111,14620227,14149.00,14145.00,28294.00,14145,14149,0.00,0.00,0,0
1578602974,s5,0.00,0.00,0.00,0,0,0.00,0.00,0.00,0,0,0.00,0.00,0,0
1578602974,s1,0.00,0.00,0.00,0,0,0.00,0.00,0.00,0,0,0.00,0.00,0,0
1578602974,eth0,0.00,0.00,0.00,0,0,0.00,0.00,0.00,0,0,0.00,0.00,0,0
1578602974,eth1,0.00,0.00,0.00,0,0,0.00,0.00,0.00,0,0,0.00,0.00,0,0
1578602974,s2,0.00,0.00,0.00,0,0,0.00,0.00,0.00,0,0,0.00,0.00,0,0
1578602974,s1-eth2,127576.00,5230870.00,5358446.00,5230870,127576,1724.00,3455.00,5179.00,3455,1724,0.00,0.00,0,0
1578602974,s1-eth1,5230870.00,127872.00,5358742.00,127872,5230870,3455.00,1728.00,5183.00,1728,3455,0.00,0.00,0,0
1578602974,s3,0.00,0.00,0.00,0,0,0.00,0.00,0.00,0,0,0.00,0.00,0,0
1578602974,s2-eth2,127576.00,5235412.00,5362988.00,5235412,127576,1724.00,3458.00,5182.00,3458,1724,0.00,0.00,0,0
1578602974,s2-eth1,5230870.00,127576.00,5358446.00,127576,5230870,3455.00,1724.00,5179.00,1724,3455,0.00,0.00,0,0
1578602974,lo,0.00,0.00,0.00,0,0,0.00,0.00,0.00,0,0,0.00,0.00,0,0
1578602974,s4,0.00,0.00,0.00,0,0,0.00,0.00,0.00,0,0,0.00,0.00,0,0
1578602974,s3-eth2,128358.00,5236926.00,5365284.00,5236926,128358,1731.00,3459.00,5190.00,3459,1731,0.00,0.00,0,0
1578602974,s3-eth1,5235412.00,127576.00,5362988.00,127576,5235412,3458.00,1724.00,5182.00,1724,3458,0.00,0.00,0,0
1578602974,total,16080662.00,16086232.00,32166894.00,16086232,16080662,15547.00,15548.00,31095.00,15548,15547,0.00,0.00,0,0
1578602975,s5,0.00,0.00,0.00,0,0,0.00,0.00,0.00,0,0,0.00,0.00,0,0
1578602975,s1,0.00,342.00,342.00,342,0,0.00,1.00,1.00,1,0,0.00,0.00,0,0
1578602975,eth0,0.00,0.00,0.00,0,0,0.00,0.00,0.00,0,0,0.00,0.00,0,0
1578602975,eth1,0.00,0.00,0.00,0,0,0.00,0.00,0.00,0,0,0.00,0.00,0,0
1578602975,s2,0.00,0.00,0.00,0,0,0.00,0.00,0.00,0,0,0.00,0.00,0,0
1578602975,s1-eth2,127872.00,5237268.00,5365140.00,5237268,127872,1728.00,3460.00,5188.00,3460,1728,0.00,0.00,0,0
1578602975,s1-eth1,5237610.00,128020.00,5365630.00,128020,5237610,3461.00,1730.00,5191.00,1730,3461,0.00,0.00,0,0
1578602975,s3,0.00,342.00,342.00,342,0,0.00,1.00,1.00,1,0,0.00,0.00,0,0
1578602975,s2-eth2,127400.00,5239954.00,5367354.00,5239954,127400,1718.00,3461.00,5179.00,3461,1718,0.00,0.00,0,0
1578602975,s2-eth1,5237268.00,127872.00,5365140.00,127872,5237268,3460.00,1728.00,5188.00,1728,3460,0.00,0.00,0,0
1578602975,lo,652.00,652.00,1304.00,652,652,6.00,6.00,12.00,6,6,0.00,0.00,0,0
1578602975,s4,0.00,0.00,0.00,0,0,0.00,0.00,0.00,0,0,0.00,0.00,0,0
1578602975,s3-eth2,126290.00,5220272.00,5346562.00,5220272,126290,1703.00,3448.00,5151.00,3448,1703,0.00,0.00,0,0
1578602975,s3-eth1,5239954.00,127400.00,5367354.00,127400,5239954,3461.00,1718.00,5179.00,1718,3461,0.00,0.00,0,0
1578602975,total,16097046.00,16082122.00,32179168.00,16082122,16097046,15537.00,15553.00,31090.00,15553,15537,0.00,0.00,0,0
1578602976,s5,0.00,0.00,0.00,0,0,0.00,0.00,0.00,0,0,0.00,0.00,0,0
1578602976,s1,0.00,0.00,0.00,0,0,0.00,0.00,0.00,0,0,0.00,0.00,0,0
1578602976,eth0,0.00,0.00,0.00,0,0,0.00,0.00,0.00,0,0,0.00,0.00,0,0
1578602976,eth1,0.00,0.00,0.00,0,0,0.00,0.00,0.00,0,0,0.00,0.00,0,0
1578602976,s2,0.00,0.00,0.00,0,0,0.00,0.00,0.00,0,0,0.00,0.00,0,0
1578602976,s1-eth2,128834.00,5274776.00,5403610.00,5274776,128834,1741.00,3484.00,5225.00,3484,1741,0.00,0.00,0,0
1578602976,s1-eth1,5276290.00,128908.00,5405198.00,128908,5276290,3485.00,1742.00,5227.00,1742,3485,0.00,0.00,0,0
1578602976,s3,0.00,0.00,0.00,0,0,0.00,0.00,0.00,0,0,0.00,0.00,0,0
1578602976,s2-eth2,128686.00,5265692.00,5394378.00,5265692,128686,1739.00,3478.00,5217.00,3478,1739,0.00,0.00,0,0
1578602976,s2-eth1,5274776.00,128834.00,5403610.00,128834,5274776,3484.00,1741.00,5225.00,1741,3484,0.00,0.00,0,0
1578602976,lo,344.00,344.00,688.00,344,344,6.00,6.00,12.00,6,6,0.00,0.00,0,0
1578602976,s4,0.00,0.00,0.00,0,0,0.00,0.00,0.00,0,0,0.00,0.00,0,0
1578602976,s3-eth2,128612.00,5265692.00,5394304.00,5265692,128612,1738.00,3478.00,5216.00,3478,1738,0.00,0.00,0,0
1578602976,s3-eth1,5265692.00,128686.00,5394378.00,128686,5265692,3478.00,1739.00,5217.00,1739,3478,0.00,0.00,0,0
1578602976,total,16203234.00,16192932.00,32396166.00,16192932,16203234,15671.00,15668.00,31339.00,15668,15671,0.00,0.00,0,0
1578602977,s5,0.00,0.00,0.00,0,0,0.00,0.00,0.00,0,0,0.00,0.00,0,0
1578602977,s1,0.00,0.00,0.00,0,0,0.00,0.00,0.00,0,0,0.00,0.00,0,0
1578602977,eth0,60.00,60.00,120.00,60,60,1.00,1.00,2.00,1,1,0.00,0.00,0,0
1578602977,eth1,0.00,0.00,0.00,0,0,0.00,0.00,0.00,0,0,0.00,0.00,0,0
1578602977,s2,0.00,0.00,0.00,0,0,0.00,0.00,0.00,0,0,0.00,0.00,0,0
1578602977,s1-eth2,128908.00,5277804.00,5406712.00,5277804,128908,1742.00,3486.00,5228.00,3486,1742,0.00,0.00,0,0
1578602977,s1-eth1,5274776.00,128834.00,5403610.00,128834,5274776,3484.00,1741.00,5225.00,1741,3484,0.00,0.00,0,0
1578602977,s3,0.00,0.00,0.00,0,0,0.00,0.00,0.00,0,0,0.00,0.00,0,0
1578602977,s2-eth2,128908.00,5283860.00,5412768.00,5283860,128908,1742.00,3490.00,5232.00,3490,1742,0.00,0.00,0,0
1578602977,s2-eth1,5277804.00,128908.00,5406712.00,128908,5277804,3486.00,1742.00,5228.00,1742,3486,0.00,0.00,0,0
1578602977,lo,172.00,172.00,344.00,172,172,3.00,3.00,6.00,3,3,0.00,0.00,0,0
1578602977,s4,0.00,0.00,0.00,0,0,0.00,0.00,0.00,0,0,0.00,0.00,0,0
1578602977,s3-eth2,128834.00,5279318.00,5408152.00,5279318,128834,1741.00,3487.00,5228.00,3487,1741,0.00,0.00,0,0
1578602977,s3-eth1,5283860.00,128908.00,5412768.00,128908,5283860,3490.00,1742.00,5232.00,1742,3490,0.00,0.00,0,0
1578602977,total,16223322.00,16227864.00,32451186.00,16227864,16223322,15689.00,15692.00,31381.00,15692,15689,0.00,0.00,0,0
1578602978,s5,0.00,0.00,0.00,0,0,0.00,0.00,0.00,0,0,0.00,0.00,0,0
1578602978,s1,0.00,0.00,0.00,0,0,0.00,0.00,0.00,0,0,0.00,0.00,0,0
1578602978,eth0,160.00,160.00,320.00,160,160,2.00,2.00,4.00,2,2,0.00,0.00,0,0
1578602978,eth1,0.00,0.00,0.00,0,0,0.00,0.00,0.00,0,0,0.00,0.00,0,0
1578602978,s2,0.00,0.00,0.00,0,0,0.00,0.00,0.00,0,0,0.00,0.00,0,0
1578602978,s1-eth2,54846.00,2045616.00,2100462.00,2045616,54846,741.00,1354.00,2095.00,1354,741,0.00,0.00,0,0
1578602978,s1-eth1,2112232.00,53366.00,2165598.00,53366,2112232,1398.00,721.00,2119.00,721,1398,0.00,0.00,0,0
1578602978,s3,0.00,0.00,0.00,0,0,0.00,0.00,0.00,0,0,0.00,0.00,0,0
1578602978,s2-eth2,56400.00,1969916.00,2026316.00,1969916,56400,762.00,1304.00,2066.00,1304,762,0.00,0.00,0,0
1578602978,s2-eth1,2045616.00,54846.00,2100462.00,54846,2045616,1354.00,741.00,2095.00,741,1354,0.00,0.00,0,0
1578602978,lo,0.00,0.00,0.00,0,0,0.00,0.00,0.00,0,0,0.00,0.00,0,0
1578602978,s4,0.00,0.00,0.00,0,0,0.00,0.00,0.00,0,0,0.00,0.00,0,0
1578602978,s3-eth2,57954.00,1904814.00,1962768.00,1904814,57954,783.00,1261.00,2044.00,1261,783,0.00,0.00,0,0
1578602978,s3-eth1,1969916.00,56400.00,2026316.00,56400,1969916,1304.00,762.00,2066.00,762,1304,0.00,0.00,0,0
1578602978,total,6297124.00,6085118.00,12382242.00,6085118,6297124,6344.00,6145.00,12489.00,6145,6344,0.00,0.00,0,0
1578602979,s5,0.00,0.00,0.00,0,0,0.00,0.00,0.00,0,0,0.00,0.00,0,0
1578602979,s1,0.00,107.00,107.00,107,0,0.00,1.00,1.00,1,0,0.00,0.00,0,0
1578602979,eth0,0.00,0.00,0.00,0,0,0.00,0.00,0.00,0,0,0.00,0.00,0,0
1578602979,eth1,0.00,0.00,0.00,0,0,0.00,0.00,0.00,0,0,0.00,0.00,0,0
1578602979,s2,0.00,0.00,0.00,0,0,0.00,0.00,0.00,0,0,0.00,0.00,0,0
1578602979,s1-eth2,0.00,107.00,107.00,107,0,0.00,1.00,1.00,1,0,0.00,0.00,0,0
1578602979,s1-eth1,449.00,0.00,449.00,0,449,2.00,0.00,2.00,0,2,0.00,0.00,0,0
1578602979,s3,0.00,0.00,0.00,0,0,0.00,0.00,0.00,0,0,0.00,0.00,0,0
1578602979,s2-eth2,0.00,0.00,0.00,0,0,0.00,0.00,0.00,0,0,0.00,0.00,0,0
1578602979,s2-eth1,107.00,0.00,107.00,0,107,1.00,0.00,1.00,0,1,0.00,0.00,0,0
1578602979,lo,649.00,649.00,1298.00,649,649,9.00,9.00,18.00,9,9,0.00,0.00,0,0
1578602979,s4,0.00,0.00,0.00,0,0,0.00,0.00,0.00,0,0,0.00,0.00,0,0
1578602979,s3-eth2,0.00,0.00,0.00,0,0,0.00,0.00,0.00,0,0,0.00,0.00,0,0
1578602979,s3-eth1,0.00,0.00,0.00,0,0,0.00,0.00,0.00,0,0,0.00,0.00,0,0
1578602979,total,1205.00,863.00,2068.00,863,1205,12.00,11.00,23.00,11,12,0.00,0.00,0,0
1578602980,s5,0.00,0.00,0.00,0,0,0.00,0.00,0.00,0,0,0.00,0.00,0,0
1578602980,s1,0.00,107.00,107.00,107,0,0.00,1.00,1.00,1,0,0.00,0.00,0,0
1578602980,eth0,0.00,0.00,0.00,0,0,0.00,0.00,0.00,0,0,0.00,0.00,0,0
1578602980,eth1,0.00,0.00,0.00,0,0,0.00,0.00,0.00,0,0,0.00,0.00,0,0
1578602980,s2,0.00,214.00,214.00,214,0,0.00,2.00,2.00,2,0,0.00,0.00,0,0
1578602980,s1-eth2,107.00,107.00,214.00,107,107,1.00,1.00,2.00,1,1,0.00,0.00,0,0
1578602980,s1-eth1,214.00,0.00,214.00,0,214,2.00,0.00,2.00,0,2,0.00,0.00,0,0
1578602980,s3,0.00,214.00,214.00,214,0,0.00,2.00,2.00,2,0,0.00,0.00,0,0
1578602980,s2-eth2,214.00,107.00,321.00,107,214,2.00,1.00,3.00,1,2,0.00,0.00,0,0
1578602980,s2-eth1,107.00,107.00,214.00,107,107,1.00,1.00,2.00,1,1,0.00,0.00,0,0
1578602980,lo,1525.00,1525.00,3050.00,1525,1525,15.00,15.00,30.00,15,15,0.00,0.00,0,0
1578602980,s4,0.00,0.00,0.00,0,0,0.00,0.00,0.00,0,0,0.00,0.00,0,0
1578602980,s3-eth2,214.00,0.00,214.00,0,214,2.00,0.00,2.00,0,2,0.00,0.00,0,0
1578602980,s3-eth1,107.00,214.00,321.00,214,107,1.00,2.00,3.00,2,1,0.00,0.00,0,0
1578602980,total,2488.00,2595.00,5083.00,2595,2488,24.00,25.00,49.00,25,24,0.00,0.00,0,0
1578602981,s5,0.00,0.00,0.00,0,0,0.00,0.00,0.00,0,0,0.00,0.00,0,0
1578602981,s1,0.00,0.00,0.00,0,0,0.00,0.00,0.00,0,0,0.00,0.00,0,0
1578602981,eth0,0.00,0.00,0.00,0,0,0.00,0.00,0.00,0,0,0.00,0.00,0,0
1578602981,eth1,0.00,0.00,0.00,0,0,0.00,0.00,0.00,0,0,0.00,0.00,0,0
1578602981,s2,0.00,0.00,0.00,0,0,0.00,0.00,0.00,0,0,0.00,0.00,0,0
1578602981,s1-eth2,0.00,0.00,0.00,0,0,0.00,0.00,0.00,0,0,0.00,0.00,0,0
1578602981,s1-eth1,0.00,0.00,0.00,0,0,0.00,0.00,0.00,0,0,0.00,0.00,0,0
1578602981,s3,0.00,0.00,0.00,0,0,0.00,0.00,0.00,0,0,0.00,0.00,0,0
1578602981,s2-eth2,0.00,0.00,0.00,0,0,0.00,0.00,0.00,0,0,0.00,0.00,0,0
1578602981,s2-eth1,0.00,0.00,0.00,0,0,0.00,0.00,0.00,0,0,0.00,0.00,0,0
1578602981,lo,344.00,344.00,688.00,344,344,6.00,6.00,12.00,6,6,0.00,0.00,0,0
1578602981,s4,0.00,0.00,0.00,0,0,0.00,0.00,0.00,0,0,0.00,0.00,0,0
1578602981,s3-eth2,449.00,0.00,449.00,0,449,2.00,0.00,2.00,0,2,0.00,0.00,0,0
1578602981,s3-eth1,0.00,0.00,0.00,0,0,0.00,0.00,0.00,0,0,0.00,0.00,0,0
1578602981,total,793.00,344.00,1137.00,344,793,8.00,6.00,14.00,6,8,0.00,0.00,0,0
1578602982,s5,0.00,0.00,0.00,0,0,0.00,0.00,0.00,0,0,0.00,0.00,0,0
1578602982,s1,0.00,0.00,0.00,0,0,0.00,0.00,0.00,0,0,0.00,0.00,0,0
1578602982,eth0,0.00,0.00,0.00,0,0,0.00,0.00,0.00,0,0,0.00,0.00,0,0
1578602982,eth1,0.00,0.00,0.00,0,0,0.00,0.00,0.00,0,0,0.00,0.00,0,0
1578602982,s2,0.00,0.00,0.00,0,0,0.00,0.00,0.00,0,0,0.00,0.00,0,0
1578602982,s1-eth2,0.00,0.00,0.00,0,0,0.00,0.00,0.00,0,0,0.00,0.00,0,0
1578602982,s1-eth1,0.00,0.00,0.00,0,0,0.00,0.00,0.00,0,0,0.00,0.00,0,0
1578602982,s3,0.00,0.00,0.00,0,0,0.00,0.00,0.00,0,0,0.00,0.00,0,0
1578602982,s2-eth2,0.00,0.00,0.00,0,0,0.00,0.00,0.00,0,0,0.00,0.00,0,0
1578602982,s2-eth1,0.00,0.00,0.00,0,0,0.00,0.00,0.00,0,0,0.00,0.00,0,0
1578602982,lo,0.00,0.00,0.00,0,0,0.00,0.00,0.00,0,0,0.00,0.00,0,0
1578602982,s4,0.00,0.00,0.00,0,0,0.00,0.00,0.00,0,0,0.00,0.00,0,0
1578602982,s3-eth2,0.00,0.00,0.00,0,0,0.00,0.00,0.00,0,0,0.00,0.00,0,0
1578602982,s3-eth1,0.00,0.00,0.00,0,0,0.00,0.00,0.00,0,0,0.00,0.00,0,0
1578602982,total,0.00,0.00,0.00,0,0,0.00,0.00,0.00,0,0,0.00,0.00,0,0
1578602983,s5,0.00,0.00,0.00,0,0,0.00,0.00,0.00,0,0,0.00,0.00,0,0
1578602983,s1,0.00,0.00,0.00,0,0,0.00,0.00,0.00,0,0,0.00,0.00,0,0
1578602983,eth0,0.00,0.00,0.00,0,0,0.00,0.00,0.00,0,0,0.00,0.00,0,0
1578602983,eth1,0.00,0.00,0.00,0,0,0.00,0.00,0.00,0,0,0.00,0.00,0,0
1578602983,s2,0.00,0.00,0.00,0,0,0.00,0.00,0.00,0,0,0.00,0.00,0,0
1578602983,s1-eth2,0.00,0.00,0.00,0,0,0.00,0.00,0.00,0,0,0.00,0.00,0,0
1578602983,s1-eth1,0.00,0.00,0.00,0,0,0.00,0.00,0.00,0,0,0.00,0.00,0,0
1578602983,s3,0.00,0.00,0.00,0,0,0.00,0.00,0.00,0,0,0.00,0.00,0,0
1578602983,s2-eth2,0.00,0.00,0.00,0,0,0.00,0.00,0.00,0,0,0.00,0.00,0,0
1578602983,s2-eth1,0.00,0.00,0.00,0,0,0.00,0.00,0.00,0,0,0.00,0.00,0,0
1578602983,lo,0.00,0.00,0.00,0,0,0.00,0.00,0.00,0,0,0.00,0.00,0,0
1578602983,s4,0.00,0.00,0.00,0,0,0.00,0.00,0.00,0,0,0.00,0.00,0,0
1578602983,s3-eth2,0.00,0.00,0.00,0,0,0.00,0.00,0.00,0,0,0.00,0.00,0,0
1578602983,s3-eth1,0.00,0.00,0.00,0,0,0.00,0.00,0.00,0,0,0.00,0.00,0,0
1578602983,total,0.00,0.00,0.00,0,0,0.00,0.00,0.00,0,0,0.00,0.00,0,0
1578602984,s5,0.00,0.00,0.00,0,0,0.00,0.00,0.00,0,0,0.00,0.00,0,0
1578602984,s1,0.00,0.00,0.00,0,0,0.00,0.00,0.00,0,0,0.00,0.00,0,0
1578602984,eth0,160.00,160.00,320.00,160,160,2.00,2.00,4.00,2,2,0.00,0.00,0,0
1578602984,eth1,0.00,0.00,0.00,0,0,0.00,0.00,0.00,0,0,0.00,0.00,0,0
1578602984,s2,0.00,0.00,0.00,0,0,0.00,0.00,0.00,0,0,0.00,0.00,0,0
1578602984,s1-eth2,0.00,0.00,0.00,0,0,0.00,0.00,0.00,0,0,0.00,0.00,0,0
1578602984,s1-eth1,0.00,0.00,0.00,0,0,0.00,0.00,0.00,0,0,0.00,0.00,0,0
1578602984,s3,0.00,0.00,0.00,0,0,0.00,0.00,0.00,0,0,0.00,0.00,0,0
1578602984,s2-eth2,0.00,0.00,0.00,0,0,0.00,0.00,0.00,0,0,0.00,0.00,0,0
1578602984,s2-eth1,0.00,0.00,0.00,0,0,0.00,0.00,0.00,0,0,0.00,0.00,0,0
1578602984,lo,172.00,172.00,344.00,172,172,3.00,3.00,6.00,3,3,0.00,0.00,0,0
1578602984,s4,0.00,0.00,0.00,0,0,0.00,0.00,0.00,0,0,0.00,0.00,0,0
1578602984,s3-eth2,0.00,0.00,0.00,0,0,0.00,0.00,0.00,0,0,0.00,0.00,0,0
1578602984,s3-eth1,0.00,0.00,0.00,0,0,0.00,0.00,0.00,0,0,0.00,0.00,0,0
1578602984,total,332.00,332.00,664.00,332,332,5.00,5.00,10.00,5,5,0.00,0.00,0,0
1578602985,s5,0.00,0.00,0.00,0,0,0.00,0.00,0.00,0,0,0.00,0.00,0,0
1578602985,s1,0.00,0.00,0.00,0,0,0.00,0.00,0.00,0,0,0.00,0.00,0,0
1578602985,eth0,0.00,0.00,0.00,0,0,0.00,0.00,0.00,0,0,0.00,0.00,0,0
1578602985,eth1,0.00,0.00,0.00,0,0,0.00,0.00,0.00,0,0,0.00,0.00,0,0
1578602985,s2,0.00,0.00,0.00,0,0,0.00,0.00,0.00,0,0,0.00,0.00,0,0
1578602985,s1-eth2,0.00,0.00,0.00,0,0,0.00,0.00,0.00,0,0,0.00,0.00,0,0
1578602985,s1-eth1,0.00,0.00,0.00,0,0,0.00,0.00,0.00,0,0,0.00,0.00,0,0
1578602985,s3,0.00,0.00,0.00,0,0,0.00,0.00,0.00,0,0,0.00,0.00,0,0
1578602985,s2-eth2,0.00,0.00,0.00,0,0,0.00,0.00,0.00,0,0,0.00,0.00,0,0
1578602985,s2-eth1,0.00,0.00,0.00,0,0,0.00,0.00,0.00,0,0,0.00,0.00,0,0
1578602985,lo,344.00,344.00,688.00,344,344,6.00,6.00,12.00,6,6,0.00,0.00,0,0
1578602985,s4,0.00,0.00,0.00,0,0,0.00,0.00,0.00,0,0,0.00,0.00,0,0
1578602985,s3-eth2,0.00,0.00,0.00,0,0,0.00,0.00,0.00,0,0,0.00,0.00,0,0
1578602985,s3-eth1,0.00,0